timestamp,open,high,low,close,volume
2026-03-16 00:00:00,5702.0,5726.0,5680.0,5704.0,198500.0
2026-03-16 00:01:00,5709.0,5717.0,5689.0,5716.0,42100.0
2026-03-16 00:02:00,5718.0,5739.0,5711.0,5721.0,49200.0
2026-03-16 00:03:00,5720.0,5721.0,5691.0,5702.0,36300.0
2026-03-16 00:04:00,5701.0,5706.0,5691.0,5691.0,17200.0
2026-03-16 00:05:00,5692.0,5700.0,5685.0,5690.0,17100.0
2026-03-16 00:06:00,5689.0,5700.0,5688.0,5700.0,19100.0
2026-03-16 00:07:00,5700.0,5705.0,5698.0,5699.0,14300.0
2026-03-16 00:08:00,5698.0,5702.0,5674.0,5676.0,26500.0
2026-03-16 00:09:00,5675.0,5691.0,5664.0,5691.0,33700.0
2026-03-16 00:10:00,5689.0,5691.0,5679.0,5687.0,12900.0
2026-03-16 00:11:00,5688.0,5694.0,5685.0,5691.0,10000.0
2026-03-16 00:12:00,5692.0,5701.0,5692.0,5701.0,9900.0
2026-03-16 00:13:00,5699.0,5701.0,5686.0,5692.0,12400.0
2026-03-16 00:14:00,5691.0,5693.0,5688.0,5688.0,7500.0
2026-03-16 00:15:00,5688.0,5689.0,5677.0,5683.0,17800.0
2026-03-16 00:16:00,5684.0,5695.0,5683.0,5695.0,6400.0
2026-03-16 00:17:00,5696.0,5696.0,5688.0,5695.0,6200.0
2026-03-16 00:18:00,5695.0,5695.0,5684.0,5685.0,12100.0
2026-03-16 00:19:00,5685.0,5687.0,5679.0,5682.0,9900.0
2026-03-16 00:20:00,5683.0,5685.0,5679.0,5679.0,7700.0
2026-03-16 00:21:00,5680.0,5684.0,5679.0,5680.0,9700.0
2026-03-16 00:22:00,5681.0,5694.0,5681.0,5693.0,11300.0
2026-03-16 00:23:00,5693.0,5695.0,5683.0,5685.0,8000.0
2026-03-16 00:24:00,5684.0,5684.0,5661.0,5666.0,34200.0
2026-03-16 00:25:00,5667.0,5670.0,5662.0,5664.0,17000.0
2026-03-16 00:26:00,5663.0,5672.0,5660.0,5666.0,16300.0
2026-03-16 00:27:00,5665.0,5670.0,5660.0,5662.0,12300.0
2026-03-16 00:28:00,5661.0,5661.0,5653.0,5653.0,7000.0
2026-03-16 00:29:00,5655.0,5669.0,5654.0,5663.0,21700.0
2026-03-16 00:30:00,5664.0,5670.0,5660.0,5662.0,9100.0
2026-03-16 00:31:00,5663.0,5666.0,5659.0,5662.0,13600.0
2026-03-16 00:32:00,5663.0,5663.0,5652.0,5653.0,6200.0
2026-03-16 00:33:00,5654.0,5656.0,5642.0,5647.0,24900.0
2026-03-16 00:34:00,5647.0,5652.0,5644.0,5651.0,9300.0
2026-03-16 00:35:00,5652.0,5659.0,5652.0,5659.0,8000.0
2026-03-16 00:36:00,5660.0,5662.0,5656.0,5656.0,6600.0
2026-03-16 00:37:00,5657.0,5659.0,5651.0,5656.0,7700.0
2026-03-16 00:38:00,5659.0,5661.0,5657.0,5661.0,3800.0
2026-03-16 00:39:00,5662.0,5662.0,5654.0,5662.0,6600.0
2026-03-16 00:40:00,5663.0,5670.0,5655.0,5655.0,18700.0
2026-03-16 00:41:00,5654.0,5658.0,5651.0,5658.0,5100.0
2026-03-16 00:42:00,5658.0,5660.0,5656.0,5660.0,9000.0
2026-03-16 00:43:00,5660.0,5660.0,5654.0,5654.0,10700.0
2026-03-16 00:44:00,5653.0,5657.0,5653.0,5656.0,3500.0
2026-03-16 00:45:00,5655.0,5655.0,5652.0,5652.0,3300.0
2026-03-16 00:46:00,5652.0,5653.0,5643.0,5643.0,8100.0
2026-03-16 00:47:00,5642.0,5657.0,5642.0,5655.0,34800.0
2026-03-16 00:48:00,5655.0,5657.0,5654.0,5657.0,3200.0
2026-03-16 00:49:00,5657.0,5659.0,5654.0,5654.0,10100.0
2026-03-16 00:50:00,5655.0,5661.0,5654.0,5661.0,8000.0
2026-03-16 00:51:00,5661.0,5668.0,5661.0,5668.0,4200.0
2026-03-16 00:52:00,5667.0,5668.0,5661.0,5661.0,2600.0
2026-03-16 00:53:00,5662.0,5664.0,5659.0,5659.0,5000.0
2026-03-16 00:54:00,5660.0,5663.0,5660.0,5662.0,3300.0
2026-03-16 00:55:00,5663.0,5663.0,5660.0,5661.0,5000.0
2026-03-16 00:56:00,5660.0,5663.0,5660.0,5661.0,6300.0
2026-03-16 00:57:00,5663.0,5670.0,5663.0,5668.0,6000.0
2026-03-16 00:58:00,5668.0,5668.0,5662.0,5666.0,4600.0
2026-03-16 00:59:00,5667.0,5671.0,5662.0,5670.0,20200.0
2026-03-16 01:00:00,5671.0,5675.0,5671.0,5672.0,5000.0
2026-03-16 01:01:00,5672.0,5674.0,5671.0,5674.0,2300.0
2026-03-16 01:02:00,5674.0,5679.0,5674.0,5676.0,8000.0
2026-03-16 01:03:00,5677.0,5677.0,5674.0,5675.0,4700.0
2026-03-16 01:04:00,5675.0,5676.0,5668.0,5672.0,7500.0
2026-03-16 01:05:00,5672.0,5678.0,5671.0,5677.0,12800.0
2026-03-16 01:06:00,5677.0,5681.0,5677.0,5681.0,2700.0
2026-03-16 01:07:00,5680.0,5681.0,5678.0,5681.0,3400.0
2026-03-16 01:08:00,5680.0,5684.0,5680.0,5684.0,11400.0
2026-03-16 01:09:00,5684.0,5688.0,5682.0,5682.0,10300.0
2026-03-16 01:10:00,5683.0,5684.0,5681.0,5682.0,3300.0
2026-03-16 01:11:00,5681.0,5686.0,5681.0,5683.0,5700.0
2026-03-16 01:12:00,5685.0,5686.0,5684.0,5684.0,5100.0
2026-03-16 01:13:00,5683.0,5684.0,5679.0,5679.0,7000.0
2026-03-16 01:14:00,5678.0,5681.0,5677.0,5681.0,4500.0
2026-03-16 01:15:00,5682.0,5686.0,5680.0,5685.0,4700.0
2026-03-16 01:16:00,5684.0,5684.0,5676.0,5678.0,12700.0
2026-03-16 01:17:00,5678.0,5678.0,5677.0,5678.0,1200.0
2026-03-16 01:18:00,5677.0,5682.0,5677.0,5682.0,2300.0
2026-03-16 01:19:00,5682.0,5687.0,5681.0,5687.0,9000.0
2026-03-16 01:20:00,5686.0,5687.0,5684.0,5685.0,4400.0
2026-03-16 01:21:00,5684.0,5688.0,5684.0,5687.0,4800.0
2026-03-16 01:22:00,5689.0,5696.0,5689.0,5695.0,15300.0
2026-03-16 01:23:00,5695.0,5702.0,5695.0,5696.0,31300.0
2026-03-16 01:24:00,5695.0,5696.0,5695.0,5696.0,5100.0
2026-03-16 01:25:00,5697.0,5698.0,5695.0,5696.0,4400.0
2026-03-16 01:26:00,5696.0,5696.0,5684.0,5684.0,8700.0
2026-03-16 01:27:00,5686.0,5687.0,5679.0,5679.0,8800.0
2026-03-16 01:28:00,5679.0,5679.0,5672.0,5673.0,6600.0
2026-03-16 01:29:00,5672.0,5674.0,5670.0,5673.0,5900.0
2026-03-16 01:30:00,5672.0,5673.0,5665.0,5666.0,14200.0
2026-03-16 01:31:00,5665.0,5665.0,5660.0,5664.0,11000.0
2026-03-16 01:32:00,5662.0,5663.0,5661.0,5661.0,3900.0
2026-03-16 01:33:00,5660.0,5660.0,5654.0,5658.0,20300.0
2026-03-16 01:34:00,5658.0,5665.0,5658.0,5665.0,7700.0
2026-03-16 01:35:00,5666.0,5676.0,5666.0,5674.0,8500.0
2026-03-16 01:36:00,5676.0,5685.0,5675.0,5682.0,8200.0
2026-03-16 01:37:00,5682.0,5683.0,5678.0,5683.0,4600.0
2026-03-16 01:38:00,5684.0,5684.0,5676.0,5678.0,9200.0
2026-03-16 01:39:00,5677.0,5679.0,5672.0,5673.0,3500.0
2026-03-16 01:40:00,5676.0,5696.0,5676.0,5688.0,13200.0
2026-03-16 01:41:00,5689.0,5691.0,5687.0,5691.0,3700.0
2026-03-16 01:42:00,5692.0,5703.0,5691.0,5702.0,13400.0
2026-03-16 01:43:00,5702.0,5702.0,5697.0,5700.0,5500.0
2026-03-16 01:44:00,5699.0,5699.0,5695.0,5696.0,4100.0
2026-03-16 01:45:00,5695.0,5698.0,5692.0,5696.0,7400.0
2026-03-16 01:46:00,5694.0,5700.0,5693.0,5698.0,16300.0
2026-03-16 01:47:00,5699.0,5702.0,5697.0,5701.0,13100.0
2026-03-16 01:48:00,5700.0,5704.0,5700.0,5703.0,7600.0
2026-03-16 01:49:00,5702.0,5705.0,5702.0,5705.0,5900.0
2026-03-16 01:50:00,5706.0,5713.0,5706.0,5710.0,13900.0
2026-03-16 01:51:00,5709.0,5709.0,5704.0,5704.0,3900.0
2026-03-16 01:52:00,5704.0,5710.0,5704.0,5707.0,4000.0
2026-03-16 01:53:00,5708.0,5712.0,5708.0,5708.0,10700.0
2026-03-16 01:54:00,5707.0,5709.0,5704.0,5706.0,4200.0
2026-03-16 01:55:00,5705.0,5706.0,5705.0,5705.0,4300.0
2026-03-16 01:56:00,5706.0,5706.0,5700.0,5700.0,4800.0
2026-03-16 01:57:00,5702.0,5703.0,5700.0,5703.0,9500.0
2026-03-16 01:58:00,5701.0,5701.0,5699.0,5699.0,4700.0
2026-03-16 01:59:00,5698.0,5701.0,5698.0,5701.0,4200.0
2026-03-16 02:00:00,5700.0,5701.0,5697.0,5698.0,6000.0
2026-03-16 02:01:00,5699.0,5706.0,5699.0,5704.0,11200.0
2026-03-16 02:02:00,5704.0,5707.0,5704.0,5705.0,4400.0
2026-03-16 02:03:00,5705.0,5705.0,5701.0,5703.0,3600.0
2026-03-16 02:04:00,5702.0,5705.0,5701.0,5701.0,3900.0
2026-03-16 02:05:00,5701.0,5703.0,5701.0,5702.0,4600.0
2026-03-16 02:06:00,5702.0,5702.0,5690.0,5692.0,11600.0
2026-03-16 02:07:00,5694.0,5696.0,5693.0,5694.0,3900.0
2026-03-16 02:08:00,5695.0,5695.0,5693.0,5694.0,4900.0
2026-03-16 02:09:00,5694.0,5696.0,5694.0,5696.0,1500.0
2026-03-16 02:10:00,5694.0,5694.0,5692.0,5692.0,7800.0
2026-03-16 02:11:00,5692.0,5692.0,5684.0,5690.0,28400.0
2026-03-16 02:12:00,5688.0,5688.0,5682.0,5682.0,8200.0
2026-03-16 02:13:00,5683.0,5687.0,5681.0,5687.0,4500.0
2026-03-16 02:14:00,5686.0,5688.0,5683.0,5683.0,6400.0
2026-03-16 02:15:00,5683.0,5684.0,5674.0,5674.0,4800.0
2026-03-16 02:16:00,5673.0,5673.0,5666.0,5666.0,7400.0
2026-03-16 02:17:00,5667.0,5671.0,5667.0,5670.0,4200.0
2026-03-16 02:18:00,5669.0,5669.0,5667.0,5667.0,5500.0
2026-03-16 02:19:00,5668.0,5669.0,5667.0,5668.0,1800.0
2026-03-16 02:20:00,5667.0,5667.0,5656.0,5660.0,7100.0
2026-03-16 02:21:00,5659.0,5660.0,5652.0,5652.0,4700.0
2026-03-16 02:22:00,5652.0,5654.0,5646.0,5647.0,7500.0
2026-03-16 02:23:00,5648.0,5649.0,5645.0,5647.0,9000.0
2026-03-16 02:24:00,5648.0,5648.0,5642.0,5644.0,10800.0
2026-03-16 02:25:00,5643.0,5659.0,5643.0,5658.0,16300.0
2026-03-16 02:26:00,5658.0,5659.0,5654.0,5657.0,10100.0
2026-03-16 02:27:00,5657.0,5657.0,5652.0,5653.0,11100.0
2026-03-16 02:28:00,5654.0,5657.0,5638.0,5640.0,60500.0
2026-03-16 02:29:00,5638.0,5650.0,5638.0,5650.0,5500.0
2026-03-16 02:30:00,5647.0,5647.0,5647.0,5647.0,6200.0
2026-03-16 03:05:00,,,,,
2026-03-16 03:06:00,,,,,
2026-03-16 03:07:00,,,,,
2026-03-16 03:08:00,,,,,
2026-03-16 03:09:00,,,,,
2026-03-16 03:10:00,,,,,
2026-03-16 03:11:00,,,,,
2026-03-16 03:12:00,,,,,
2026-03-16 03:13:00,,,,,
2026-03-16 03:14:00,,,,,
2026-03-16 03:15:00,,,,,
2026-03-16 03:16:00,,,,,
2026-03-16 03:17:00,,,,,
2026-03-16 03:18:00,,,,,
2026-03-16 03:19:00,,,,,
2026-03-16 03:20:00,,,,,
2026-03-16 03:21:00,,,,,
2026-03-16 03:22:00,,,,,
2026-03-16 03:23:00,,,,,
2026-03-16 03:24:00,,,,,
2026-03-16 03:25:00,,,,,
2026-03-16 03:26:00,,,,,
2026-03-16 03:27:00,,,,,
2026-03-16 03:28:00,,,,,
2026-03-16 03:29:00,,,,,
2026-03-16 03:30:00,5650.0,5656.0,5641.0,5656.0,78300.0
2026-03-16 03:31:00,5657.0,5658.0,5649.0,5649.0,8200.0
2026-03-16 03:32:00,5649.0,5658.0,5649.0,5658.0,5900.0
2026-03-16 03:33:00,5659.0,5663.0,5659.0,5661.0,4800.0
2026-03-16 03:34:00,5661.0,5667.0,5659.0,5661.0,24000.0
2026-03-16 03:35:00,5660.0,5666.0,5657.0,5662.0,7600.0
2026-03-16 03:36:00,5663.0,5669.0,5663.0,5669.0,3800.0
2026-03-16 03:37:00,5668.0,5668.0,5661.0,5661.0,2700.0
2026-03-16 03:38:00,5663.0,5669.0,5663.0,5669.0,3900.0
2026-03-16 03:39:00,5669.0,5671.0,5667.0,5668.0,6400.0
2026-03-16 03:40:00,5667.0,5668.0,5662.0,5667.0,9400.0
2026-03-16 03:41:00,5668.0,5668.0,5663.0,5666.0,5200.0
2026-03-16 03:42:00,5665.0,5668.0,5665.0,5667.0,3200.0
2026-03-16 03:43:00,5667.0,5669.0,5666.0,5669.0,3000.0
2026-03-16 03:44:00,5669.0,5669.0,5667.0,5668.0,3000.0
2026-03-16 03:45:00,5669.0,5669.0,5662.0,5664.0,5600.0
2026-03-16 03:46:00,5665.0,5665.0,5657.0,5662.0,6600.0
2026-03-16 03:47:00,5661.0,5665.0,5661.0,5665.0,2600.0
2026-03-16 03:48:00,5666.0,5669.0,5666.0,5667.0,6100.0
2026-03-16 03:49:00,5667.0,5667.0,5667.0,5667.0,2400.0
2026-03-16 03:50:00,5668.0,5668.0,5665.0,5666.0,4100.0
2026-03-16 03:51:00,5665.0,5665.0,5660.0,5660.0,4500.0
2026-03-16 03:52:00,5658.0,5661.0,5655.0,5657.0,2600.0
2026-03-16 03:53:00,5658.0,5659.0,5658.0,5659.0,3200.0
2026-03-16 03:54:00,5660.0,5660.0,5658.0,5659.0,7000.0
2026-03-16 03:55:00,5660.0,5661.0,5659.0,5660.0,2800.0
2026-03-16 03:56:00,5660.0,5661.0,5659.0,5661.0,2900.0
2026-03-16 03:57:00,5660.0,5660.0,5656.0,5657.0,3800.0
2026-03-16 03:58:00,5657.0,5658.0,5657.0,5657.0,1900.0
2026-03-16 03:59:00,5657.0,5658.0,5653.0,5653.0,5600.0
2026-03-16 04:00:00,5653.0,5653.0,5649.0,5651.0,3900.0
2026-03-16 04:01:00,5650.0,5650.0,5647.0,5647.0,1900.0
2026-03-16 04:02:00,5648.0,5649.0,5646.0,5646.0,1900.0
2026-03-16 04:03:00,5646.0,5646.0,5641.0,5643.0,4600.0
2026-03-16 04:04:00,5643.0,5643.0,5642.0,5642.0,3900.0
2026-03-16 04:05:00,5643.0,5643.0,5643.0,5643.0,700.0
2026-03-16 04:06:00,5642.0,5642.0,5636.0,5638.0,10100.0
2026-03-16 04:07:00,5640.0,5644.0,5640.0,5644.0,2900.0
2026-03-16 04:08:00,5645.0,5647.0,5644.0,5644.0,4100.0
2026-03-16 04:09:00,5644.0,5646.0,5644.0,5644.0,1200.0
2026-03-16 04:10:00,5646.0,5647.0,5644.0,5646.0,5700.0
2026-03-16 04:11:00,5646.0,5646.0,5642.0,5642.0,2200.0
2026-03-16 04:12:00,5642.0,5644.0,5637.0,5637.0,6100.0
2026-03-16 04:13:00,5636.0,5638.0,5633.0,5636.0,5300.0
2026-03-16 04:14:00,5636.0,5636.0,5635.0,5635.0,800.0
2026-03-16 04:15:00,5634.0,5638.0,5632.0,5637.0,5200.0
2026-03-16 04:16:00,5637.0,5638.0,5636.0,5638.0,1600.0
2026-03-16 04:17:00,5637.0,5637.0,5634.0,5634.0,4300.0
2026-03-16 04:18:00,5634.0,5637.0,5633.0,5637.0,2700.0
2026-03-16 04:19:00,5637.0,5642.0,5637.0,5640.0,5600.0
2026-03-16 04:20:00,5640.0,5641.0,5640.0,5641.0,2300.0
2026-03-16 04:21:00,5640.0,5640.0,5638.0,5638.0,2300.0
2026-03-16 04:22:00,5640.0,5640.0,5639.0,5639.0,2400.0
2026-03-16 04:23:00,5640.0,5644.0,5640.0,5643.0,7400.0
2026-03-16 04:24:00,5642.0,5642.0,5640.0,5640.0,4400.0
2026-03-16 04:25:00,5640.0,5643.0,5640.0,5643.0,2300.0
2026-03-16 04:26:00,5644.0,5646.0,5643.0,5643.0,4900.0
2026-03-16 04:27:00,5644.0,5644.0,5640.0,5641.0,2300.0
2026-03-16 04:28:00,5641.0,5641.0,5640.0,5640.0,3700.0
2026-03-16 04:29:00,5639.0,5640.0,5639.0,5640.0,2000.0
2026-03-16 04:30:00,5639.0,5639.0,5637.0,5638.0,3500.0
2026-03-16 04:31:00,5638.0,5638.0,5636.0,5636.0,2400.0
2026-03-16 04:32:00,5636.0,5638.0,5635.0,5638.0,3100.0
2026-03-16 04:33:00,5638.0,5638.0,5636.0,5637.0,2500.0
2026-03-16 04:34:00,5636.0,5636.0,5632.0,5632.0,6900.0
2026-03-16 04:35:00,5632.0,5632.0,5629.0,5630.0,13100.0
2026-03-16 04:36:00,5630.0,5630.0,5628.0,5629.0,2800.0
2026-03-16 04:37:00,5629.0,5629.0,5624.0,5624.0,9000.0
2026-03-16 04:38:00,5624.0,5624.0,5622.0,5624.0,2800.0
2026-03-16 04:39:00,5623.0,5626.0,5623.0,5625.0,5500.0
2026-03-16 04:40:00,5625.0,5626.0,5623.0,5624.0,3600.0
2026-03-16 04:41:00,5623.0,5624.0,5622.0,5624.0,2400.0
2026-03-16 04:42:00,5624.0,5627.0,5624.0,5627.0,2500.0
2026-03-16 04:43:00,5628.0,5631.0,5628.0,5629.0,4000.0
2026-03-16 04:44:00,5629.0,5631.0,5628.0,5628.0,4300.0
2026-03-16 04:45:00,5629.0,5632.0,5629.0,5630.0,5400.0
2026-03-16 04:46:00,5631.0,5633.0,5631.0,5632.0,3200.0
2026-03-16 04:47:00,5631.0,5631.0,5630.0,5630.0,4300.0
2026-03-16 04:48:00,5629.0,5630.0,5628.0,5628.0,3400.0
2026-03-16 04:49:00,5628.0,5629.0,5628.0,5629.0,1000.0
2026-03-16 04:50:00,5628.0,5628.0,5626.0,5626.0,3300.0
2026-03-16 04:51:00,5627.0,5627.0,5625.0,5627.0,2400.0
2026-03-16 04:52:00,5626.0,5630.0,5626.0,5630.0,2200.0
2026-03-16 04:53:00,5630.0,5631.0,5625.0,5625.0,8000.0
2026-03-16 04:54:00,5626.0,5627.0,5626.0,5627.0,2500.0
2026-03-16 04:55:00,5628.0,5629.0,5628.0,5628.0,2300.0
2026-03-16 04:56:00,5628.0,5628.0,5626.0,5626.0,3800.0
2026-03-16 04:57:00,5625.0,5625.0,5623.0,5623.0,3100.0
2026-03-16 04:58:00,5624.0,5624.0,5622.0,5624.0,2800.0
2026-03-16 04:59:00,5624.0,5624.0,5621.0,5621.0,6000.0
2026-03-16 05:00:00,5621.0,5623.0,5621.0,5623.0,2900.0
2026-03-16 05:01:00,5624.0,5624.0,5622.0,5622.0,9000.0
2026-03-16 05:02:00,5623.0,5623.0,5621.0,5621.0,3400.0
2026-03-16 05:03:00,5621.0,5622.0,5621.0,5621.0,2700.0
2026-03-16 05:04:00,5620.0,5621.0,5620.0,5621.0,1400.0
2026-03-16 05:05:00,5621.0,5623.0,5620.0,5623.0,3900.0
2026-03-16 05:06:00,5624.0,5624.0,5622.0,5623.0,3600.0
2026-03-16 05:07:00,5622.0,5624.0,5621.0,5623.0,10100.0
2026-03-16 05:08:00,5622.0,5623.0,5621.0,5623.0,1400.0
2026-03-16 05:09:00,5622.0,5623.0,5620.0,5623.0,8300.0
2026-03-16 05:10:00,5623.0,5624.0,5623.0,5623.0,3000.0
2026-03-16 05:11:00,5623.0,5624.0,5622.0,5622.0,2200.0
2026-03-16 05:12:00,5622.0,5622.0,5621.0,5621.0,1200.0
2026-03-16 05:13:00,5622.0,5623.0,5622.0,5622.0,3000.0
2026-03-16 05:14:00,5622.0,5622.0,5622.0,5622.0,1300.0
2026-03-16 05:15:00,5622.0,5622.0,5620.0,5620.0,5400.0
2026-03-16 05:16:00,5620.0,5622.0,5618.0,5621.0,7300.0
2026-03-16 05:17:00,5622.0,5623.0,5622.0,5622.0,1500.0
2026-03-16 05:18:00,5622.0,5622.0,5619.0,5619.0,3900.0
2026-03-16 05:19:00,5620.0,5623.0,5620.0,5623.0,2800.0
2026-03-16 05:20:00,5623.0,5624.0,5621.0,5621.0,4200.0
2026-03-16 05:21:00,5621.0,5624.0,5621.0,5622.0,3400.0
2026-03-16 05:22:00,5623.0,5623.0,5622.0,5622.0,1600.0
2026-03-16 05:23:00,5621.0,5621.0,5616.0,5616.0,8900.0
2026-03-16 05:24:00,5616.0,5616.0,5614.0,5615.0,8300.0
2026-03-16 05:25:00,5615.0,5617.0,5614.0,5617.0,3600.0
2026-03-16 05:26:00,5617.0,5619.0,5617.0,5619.0,2400.0
2026-03-16 05:27:00,5619.0,5620.0,5617.0,5617.0,5300.0
2026-03-16 05:28:00,5617.0,5617.0,5615.0,5615.0,4500.0
2026-03-16 05:29:00,5615.0,5615.0,5614.0,5615.0,3900.0
2026-03-16 05:30:00,5614.0,5616.0,5614.0,5615.0,3100.0
2026-03-16 05:31:00,5616.0,5617.0,5614.0,5615.0,2800.0
2026-03-16 05:32:00,5615.0,5617.0,5615.0,5616.0,3200.0
2026-03-16 05:33:00,5616.0,5617.0,5614.0,5617.0,5000.0
2026-03-16 05:34:00,5618.0,5621.0,5618.0,5621.0,5100.0
2026-03-16 05:35:00,5622.0,5622.0,5622.0,5622.0,2100.0
2026-03-16 05:36:00,5622.0,5626.0,5622.0,5626.0,4800.0
2026-03-16 05:37:00,5626.0,5626.0,5626.0,5626.0,100.0
2026-03-16 05:38:00,5626.0,5629.0,5626.0,5629.0,4400.0
2026-03-16 05:39:00,5628.0,5628.0,5626.0,5627.0,3800.0
2026-03-16 05:40:00,5628.0,5632.0,5628.0,5632.0,12100.0
2026-03-16 05:41:00,5632.0,5633.0,5632.0,5633.0,1700.0
2026-03-16 05:42:00,5634.0,5634.0,5632.0,5632.0,5400.0
2026-03-16 05:43:00,5632.0,5634.0,5629.0,5629.0,6600.0
2026-03-16 05:44:00,5628.0,5634.0,5627.0,5634.0,12000.0
2026-03-16 05:45:00,5634.0,5637.0,5634.0,5636.0,4100.0
2026-03-16 05:46:00,5636.0,5639.0,5636.0,5637.0,5200.0
2026-03-16 05:47:00,5637.0,5638.0,5637.0,5638.0,2700.0
2026-03-16 05:48:00,5638.0,5639.0,5638.0,5639.0,4300.0
2026-03-16 05:49:00,5639.0,5640.0,5638.0,5640.0,6700.0
2026-03-16 05:50:00,5640.0,5642.0,5640.0,5642.0,3100.0
2026-03-16 05:51:00,5643.0,5644.0,5642.0,5642.0,5000.0
2026-03-16 05:52:00,5642.0,5645.0,5642.0,5645.0,4200.0
2026-03-16 05:53:00,5645.0,5645.0,5640.0,5642.0,8000.0
2026-03-16 05:54:00,5643.0,5643.0,5641.0,5642.0,2600.0
2026-03-16 05:55:00,5643.0,5643.0,5642.0,5642.0,2200.0
2026-03-16 05:56:00,5642.0,5643.0,5639.0,5640.0,5100.0
2026-03-16 05:57:00,5640.0,5643.0,5640.0,5642.0,4300.0
2026-03-16 05:58:00,5640.0,5642.0,5638.0,5642.0,9000.0
2026-03-16 05:59:00,5643.0,5643.0,5639.0,5640.0,2700.0
2026-03-16 06:00:00,5640.0,5640.0,5638.0,5638.0,4300.0
2026-03-16 06:01:00,5638.0,5638.0,5634.0,5637.0,6500.0
2026-03-16 06:02:00,5637.0,5639.0,5636.0,5638.0,4800.0
2026-03-16 06:03:00,5637.0,5639.0,5637.0,5639.0,1500.0
2026-03-16 06:04:00,5639.0,5640.0,5636.0,5640.0,6700.0
2026-03-16 06:05:00,5640.0,5642.0,5639.0,5640.0,5300.0
2026-03-16 06:06:00,5640.0,5640.0,5638.0,5640.0,5600.0
2026-03-16 06:07:00,5639.0,5639.0,5635.0,5636.0,6500.0
2026-03-16 06:08:00,5635.0,5638.0,5635.0,5636.0,5800.0
2026-03-16 06:09:00,5637.0,5637.0,5634.0,5634.0,2300.0
2026-03-16 06:10:00,5634.0,5634.0,5630.0,5632.0,7900.0
2026-03-16 06:11:00,5631.0,5635.0,5631.0,5634.0,6700.0
2026-03-16 06:12:00,5635.0,5637.0,5635.0,5637.0,2600.0
2026-03-16 06:13:00,5636.0,5638.0,5635.0,5636.0,5000.0
2026-03-16 06:14:00,5636.0,5637.0,5634.0,5634.0,6900.0
2026-03-16 06:15:00,5634.0,5635.0,5634.0,5635.0,4000.0
2026-03-16 06:16:00,5635.0,5636.0,5632.0,5632.0,7500.0
2026-03-16 06:17:00,5631.0,5633.0,5631.0,5632.0,4700.0
2026-03-16 06:18:00,5632.0,5634.0,5632.0,5634.0,6500.0
2026-03-16 06:19:00,5634.0,5636.0,5634.0,5636.0,3800.0
2026-03-16 06:20:00,5635.0,5636.0,5634.0,5635.0,7800.0
2026-03-16 06:21:00,5635.0,5636.0,5635.0,5636.0,2300.0
2026-03-16 06:22:00,5637.0,5638.0,5635.0,5638.0,9500.0
2026-03-16 06:23:00,5638.0,5639.0,5636.0,5639.0,6600.0
2026-03-16 06:24:00,5640.0,5640.0,5636.0,5638.0,10900.0
2026-03-16 06:25:00,,,,,
2026-03-16 06:26:00,,,,,
2026-03-16 06:27:00,,,,,
2026-03-16 06:28:00,,,,,
2026-03-16 06:29:00,,,,,
2026-03-16 06:30:00,5624.0,5624.0,5624.0,5624.0,475700.0
2026-03-17 00:00:00,,,,,
2026-03-17 00:01:00,,,,,
2026-03-17 00:02:00,,,,,
2026-03-17 00:03:00,5806.0,5873.0,5806.0,5867.0,546300.0
2026-03-17 00:04:00,5868.0,5916.0,5866.0,5916.0,120300.0
2026-03-17 00:05:00,5916.0,5934.0,5896.0,5905.0,66500.0
2026-03-17 00:06:00,5905.0,5908.0,5872.0,5898.0,67400.0
2026-03-17 00:07:00,5898.0,5906.0,5894.0,5902.0,37900.0
2026-03-17 00:08:00,5901.0,5917.0,5900.0,5904.0,48500.0
2026-03-17 00:09:00,5908.0,5937.0,5905.0,5936.0,101000.0
2026-03-17 00:10:00,5936.0,5943.0,5922.0,5938.0,45700.0
2026-03-17 00:11:00,5938.0,5945.0,5929.0,5934.0,31700.0
2026-03-17 00:12:00,5935.0,5953.0,5934.0,5952.0,67500.0
2026-03-17 00:13:00,5953.0,5953.0,5938.0,5942.0,39600.0
2026-03-17 00:14:00,5942.0,5956.0,5942.0,5954.0,31100.0
2026-03-17 00:15:00,5953.0,5957.0,5939.0,5957.0,39100.0
2026-03-17 00:16:00,5958.0,5964.0,5937.0,5942.0,42300.0
2026-03-17 00:17:00,5944.0,5952.0,5932.0,5950.0,24400.0
2026-03-17 00:18:00,5948.0,5957.0,5943.0,5944.0,46100.0
2026-03-17 00:19:00,5944.0,5953.0,5944.0,5949.0,19400.0
2026-03-17 00:20:00,5949.0,5962.0,5947.0,5947.0,22700.0
2026-03-17 00:21:00,5949.0,5950.0,5939.0,5942.0,18000.0
2026-03-17 00:22:00,5943.0,5952.0,5939.0,5944.0,30300.0
2026-03-17 00:23:00,5944.0,5947.0,5929.0,5932.0,27300.0
2026-03-17 00:24:00,5932.0,5935.0,5923.0,5928.0,19700.0
2026-03-17 00:25:00,5930.0,5936.0,5925.0,5929.0,29400.0
2026-03-17 00:26:00,5932.0,5932.0,5924.0,5924.0,19800.0
2026-03-17 00:27:00,5925.0,5936.0,5925.0,5932.0,25100.0
2026-03-17 00:28:00,5932.0,5935.0,5928.0,5930.0,13200.0
2026-03-17 00:29:00,5928.0,5928.0,5916.0,5928.0,25300.0
2026-03-17 00:30:00,5927.0,5948.0,5927.0,5946.0,36500.0
2026-03-17 00:31:00,5947.0,5952.0,5943.0,5951.0,20900.0
2026-03-17 00:32:00,5951.0,5952.0,5938.0,5951.0,24500.0
2026-03-17 00:33:00,5952.0,5961.0,5950.0,5956.0,47000.0
2026-03-17 00:34:00,5957.0,5966.0,5951.0,5956.0,36900.0
2026-03-17 00:35:00,5955.0,5957.0,5949.0,5953.0,12400.0
2026-03-17 00:36:00,5956.0,5961.0,5952.0,5960.0,14400.0
2026-03-17 00:37:00,5959.0,5965.0,5953.0,5965.0,15700.0
2026-03-17 00:38:00,5964.0,5970.0,5955.0,5956.0,19900.0
2026-03-17 00:39:00,5958.0,5960.0,5953.0,5954.0,7500.0
2026-03-17 00:40:00,5955.0,5960.0,5951.0,5957.0,18700.0
2026-03-17 00:41:00,5957.0,5960.0,5955.0,5957.0,12000.0
2026-03-17 00:42:00,5957.0,5957.0,5943.0,5946.0,12000.0
2026-03-17 00:43:00,5947.0,5957.0,5947.0,5949.0,13100.0
2026-03-17 00:44:00,5947.0,5950.0,5942.0,5944.0,13300.0
2026-03-17 00:45:00,5943.0,5955.0,5941.0,5954.0,17900.0
2026-03-17 00:46:00,5955.0,5959.0,5951.0,5956.0,21400.0
2026-03-17 00:47:00,5958.0,5962.0,5945.0,5946.0,25400.0
2026-03-17 00:48:00,5945.0,5950.0,5942.0,5948.0,9000.0
2026-03-17 00:49:00,5948.0,5952.0,5946.0,5949.0,8100.0
2026-03-17 00:50:00,5948.0,5950.0,5945.0,5949.0,17600.0
2026-03-17 00:51:00,5948.0,5954.0,5948.0,5953.0,19000.0
2026-03-17 00:52:00,5955.0,5958.0,5950.0,5957.0,12300.0
2026-03-17 00:53:00,5957.0,5963.0,5957.0,5960.0,18200.0
2026-03-17 00:54:00,5959.0,5965.0,5956.0,5956.0,19200.0
2026-03-17 00:55:00,5955.0,5957.0,5948.0,5948.0,10800.0
2026-03-17 00:56:00,5947.0,5947.0,5940.0,5947.0,10200.0
2026-03-17 00:57:00,5947.0,5953.0,5945.0,5949.0,11600.0
2026-03-17 00:58:00,5950.0,5967.0,5949.0,5962.0,21800.0
2026-03-17 00:59:00,5963.0,5968.0,5963.0,5967.0,9800.0
2026-03-17 01:00:00,5967.0,5967.0,5963.0,5964.0,7600.0
2026-03-17 01:01:00,5964.0,5967.0,5962.0,5966.0,10100.0
2026-03-17 01:02:00,5967.0,5967.0,5950.0,5951.0,18400.0
2026-03-17 01:03:00,5951.0,5956.0,5951.0,5956.0,7000.0
2026-03-17 01:04:00,5956.0,5965.0,5954.0,5964.0,6800.0
2026-03-17 01:05:00,5965.0,5974.0,5965.0,5967.0,42200.0
2026-03-17 01:06:00,5968.0,5970.0,5964.0,5967.0,12500.0
2026-03-17 01:07:00,5967.0,5967.0,5961.0,5962.0,7700.0
2026-03-17 01:08:00,5962.0,5962.0,5957.0,5959.0,7200.0
2026-03-17 01:09:00,5960.0,5971.0,5960.0,5971.0,14500.0
2026-03-17 01:10:00,5970.0,5977.0,5970.0,5974.0,19500.0
2026-03-17 01:11:00,5974.0,5982.0,5972.0,5981.0,32200.0
2026-03-17 01:12:00,5982.0,5984.0,5981.0,5983.0,8100.0
2026-03-17 01:13:00,5982.0,5987.0,5976.0,5979.0,26000.0
2026-03-17 01:14:00,5977.0,5983.0,5976.0,5981.0,11700.0
2026-03-17 01:15:00,5982.0,5982.0,5979.0,5981.0,7300.0
2026-03-17 01:16:00,5980.0,5999.0,5978.0,5991.0,54000.0
2026-03-17 01:17:00,5993.0,6001.0,5993.0,5997.0,107200.0
2026-03-17 01:18:00,5997.0,6004.0,5996.0,6002.0,18100.0
2026-03-17 01:19:00,6001.0,6008.0,6000.0,6004.0,25700.0
2026-03-17 01:20:00,6004.0,6009.0,6003.0,6007.0,14400.0
2026-03-17 01:21:00,6008.0,6019.0,6008.0,6016.0,31300.0
2026-03-17 01:22:00,6015.0,6020.0,6015.0,6019.0,8900.0
2026-03-17 01:23:00,6019.0,6030.0,6019.0,6022.0,26600.0
2026-03-17 01:24:00,6024.0,6030.0,6022.0,6028.0,14800.0
2026-03-17 01:25:00,6029.0,6030.0,6025.0,6028.0,12600.0
2026-03-17 01:26:00,6029.0,6031.0,6027.0,6029.0,10300.0
2026-03-17 01:27:00,6031.0,6031.0,6021.0,6023.0,21100.0
2026-03-17 01:28:00,6024.0,6032.0,6024.0,6031.0,11600.0
2026-03-17 01:29:00,6031.0,6035.0,6031.0,6032.0,13500.0
2026-03-17 01:30:00,6032.0,6044.0,6031.0,6044.0,39700.0
2026-03-17 01:31:00,6044.0,6056.0,6042.0,6056.0,41600.0
2026-03-17 01:32:00,6055.0,6057.0,6045.0,6047.0,33400.0
2026-03-17 01:33:00,6046.0,6055.0,6045.0,6053.0,12800.0
2026-03-17 01:34:00,6052.0,6059.0,6047.0,6059.0,30200.0
2026-03-17 01:35:00,6057.0,6060.0,6054.0,6056.0,15900.0
2026-03-17 01:36:00,6057.0,6064.0,6055.0,6061.0,20500.0
2026-03-17 01:37:00,6061.0,6062.0,6050.0,6050.0,19100.0
2026-03-17 01:38:00,6050.0,6057.0,6049.0,6052.0,25300.0
2026-03-17 01:39:00,6053.0,6057.0,6051.0,6054.0,9200.0
2026-03-17 01:40:00,6056.0,6070.0,6056.0,6067.0,37200.0
2026-03-17 01:41:00,6066.0,6067.0,6055.0,6056.0,17100.0
2026-03-17 01:42:00,6056.0,6057.0,6050.0,6053.0,11500.0
2026-03-17 01:43:00,6053.0,6063.0,6053.0,6061.0,11200.0
2026-03-17 01:44:00,6061.0,6066.0,6060.0,6063.0,10800.0
2026-03-17 01:45:00,6064.0,6065.0,6061.0,6062.0,6700.0
2026-03-17 01:46:00,6063.0,6063.0,6059.0,6060.0,21300.0
2026-03-17 01:47:00,6062.0,6073.0,6062.0,6070.0,26100.0
2026-03-17 01:48:00,6069.0,6071.0,6067.0,6068.0,8000.0
2026-03-17 01:49:00,6068.0,6070.0,6062.0,6062.0,13600.0
2026-03-17 01:50:00,6064.0,6068.0,6058.0,6066.0,16700.0
2026-03-17 01:51:00,6066.0,6073.0,6066.0,6067.0,14200.0
2026-03-17 01:52:00,6068.0,6068.0,6051.0,6052.0,24400.0
2026-03-17 01:53:00,6053.0,6059.0,6052.0,6058.0,6200.0
2026-03-17 01:54:00,6057.0,6061.0,6057.0,6060.0,10500.0
2026-03-17 01:55:00,6061.0,6064.0,6060.0,6063.0,17300.0
2026-03-17 01:56:00,6063.0,6067.0,6061.0,6063.0,13700.0
2026-03-17 01:57:00,6063.0,6068.0,6063.0,6066.0,11500.0
2026-03-17 01:58:00,6065.0,6068.0,6060.0,6068.0,12500.0
2026-03-17 01:59:00,6066.0,6066.0,6056.0,6059.0,16000.0
2026-03-17 02:00:00,6060.0,6062.0,6058.0,6060.0,10500.0
2026-03-17 02:01:00,6061.0,6063.0,6057.0,6058.0,8500.0
2026-03-17 02:02:00,6058.0,6061.0,6055.0,6059.0,6900.0
2026-03-17 02:03:00,6060.0,6062.0,6059.0,6060.0,5200.0
2026-03-17 02:04:00,6060.0,6063.0,6057.0,6062.0,11200.0
2026-03-17 02:05:00,6062.0,6065.0,6061.0,6064.0,8400.0
2026-03-17 02:06:00,6065.0,6065.0,6057.0,6061.0,25600.0
2026-03-17 02:07:00,6060.0,6065.0,6056.0,6059.0,20500.0
2026-03-17 02:08:00,6058.0,6067.0,6055.0,6067.0,25700.0
2026-03-17 02:09:00,6066.0,6075.0,6065.0,6066.0,54300.0
2026-03-17 02:10:00,6065.0,6074.0,6065.0,6074.0,11100.0
2026-03-17 02:11:00,6073.0,6078.0,6070.0,6072.0,21800.0
2026-03-17 02:12:00,6072.0,6076.0,6072.0,6075.0,7600.0
2026-03-17 02:13:00,6076.0,6088.0,6076.0,6086.0,27600.0
2026-03-17 02:14:00,6087.0,6087.0,6079.0,6080.0,17000.0
2026-03-17 02:15:00,6080.0,6084.0,6077.0,6077.0,13100.0
2026-03-17 02:16:00,6078.0,6080.0,6075.0,6080.0,11700.0
2026-03-17 02:17:00,6081.0,6082.0,6077.0,6082.0,7200.0
2026-03-17 02:18:00,6082.0,6083.0,6067.0,6070.0,22200.0
2026-03-17 02:19:00,6070.0,6073.0,6069.0,6073.0,4600.0
2026-03-17 02:20:00,6073.0,6074.0,6069.0,6071.0,10600.0
2026-03-17 02:21:00,6070.0,6081.0,6068.0,6081.0,9700.0
2026-03-17 02:22:00,6080.0,6086.0,6080.0,6080.0,11800.0
2026-03-17 02:23:00,6081.0,6081.0,6078.0,6080.0,3800.0
2026-03-17 02:24:00,6080.0,6082.0,6077.0,6081.0,13400.0
2026-03-17 02:25:00,6081.0,6082.0,6077.0,6078.0,14300.0
2026-03-17 02:26:00,6079.0,6080.0,6075.0,6076.0,7900.0
2026-03-17 02:27:00,6075.0,6077.0,6069.0,6074.0,8300.0
2026-03-17 02:28:00,6075.0,6075.0,6071.0,6071.0,6100.0
2026-03-17 02:29:00,6072.0,6076.0,6071.0,6074.0,7600.0
2026-03-17 02:30:00,6076.0,6076.0,6076.0,6076.0,9600.0
2026-03-17 03:05:00,,,,,
2026-03-17 03:06:00,,,,,
2026-03-17 03:07:00,,,,,
2026-03-17 03:08:00,,,,,
2026-03-17 03:09:00,,,,,
2026-03-17 03:10:00,,,,,
2026-03-17 03:11:00,,,,,
2026-03-17 03:12:00,,,,,
2026-03-17 03:13:00,,,,,
2026-03-17 03:14:00,,,,,
2026-03-17 03:15:00,,,,,
2026-03-17 03:16:00,,,,,
2026-03-17 03:17:00,,,,,
2026-03-17 03:18:00,,,,,
2026-03-17 03:19:00,,,,,
2026-03-17 03:20:00,,,,,
2026-03-17 03:21:00,,,,,
2026-03-17 03:22:00,,,,,
2026-03-17 03:23:00,,,,,
2026-03-17 03:24:00,,,,,
2026-03-17 03:25:00,,,,,
2026-03-17 03:26:00,,,,,
2026-03-17 03:27:00,,,,,
2026-03-17 03:28:00,,,,,
2026-03-17 03:29:00,,,,,
2026-03-17 03:30:00,6071.0,6086.0,6052.0,6066.0,261600.0
2026-03-17 03:31:00,6065.0,6065.0,6046.0,6053.0,28800.0
2026-03-17 03:32:00,6053.0,6058.0,6032.0,6041.0,43200.0
2026-03-17 03:33:00,6043.0,6048.0,6038.0,6043.0,24500.0
2026-03-17 03:34:00,6043.0,6044.0,6030.0,6037.0,15800.0
2026-03-17 03:35:00,6036.0,6042.0,6031.0,6040.0,19200.0
2026-03-17 03:36:00,6041.0,6052.0,6037.0,6052.0,19300.0
2026-03-17 03:37:00,6052.0,6056.0,6038.0,6040.0,18500.0
2026-03-17 03:38:00,6040.0,6042.0,6031.0,6031.0,16500.0
2026-03-17 03:39:00,6032.0,6037.0,6030.0,6034.0,13300.0
2026-03-17 03:40:00,6033.0,6035.0,6027.0,6034.0,13000.0
2026-03-17 03:41:00,6034.0,6044.0,6024.0,6026.0,27000.0
2026-03-17 03:42:00,6024.0,6031.0,6024.0,6028.0,14200.0
2026-03-17 03:43:00,6027.0,6027.0,6013.0,6015.0,32700.0
2026-03-17 03:44:00,6017.0,6025.0,6013.0,6020.0,21800.0
2026-03-17 03:45:00,6020.0,6021.0,6014.0,6016.0,10100.0
2026-03-17 03:46:00,6015.0,6015.0,5995.0,6010.0,35100.0
2026-03-17 03:47:00,6012.0,6015.0,6010.0,6013.0,10000.0
2026-03-17 03:48:00,6013.0,6014.0,6010.0,6012.0,4500.0
2026-03-17 03:49:00,6012.0,6024.0,6012.0,6024.0,7200.0
2026-03-17 03:50:00,6024.0,6028.0,6023.0,6027.0,12700.0
2026-03-17 03:51:00,6026.0,6030.0,6022.0,6024.0,13100.0
2026-03-17 03:52:00,6023.0,6025.0,6017.0,6019.0,10800.0
2026-03-17 03:53:00,6020.0,6020.0,6014.0,6015.0,10600.0
2026-03-17 03:54:00,6016.0,6016.0,6004.0,6005.0,19000.0
2026-03-17 03:55:00,6004.0,6004.0,5990.0,5998.0,29100.0
2026-03-17 03:56:00,5998.0,6004.0,5995.0,6002.0,16500.0
2026-03-17 03:57:00,6003.0,6007.0,6000.0,6003.0,17700.0
2026-03-17 03:58:00,6002.0,6003.0,5995.0,5997.0,6800.0
2026-03-17 03:59:00,5998.0,6001.0,5995.0,6000.0,14100.0
2026-03-17 04:00:00,6002.0,6002.0,5994.0,5996.0,9900.0
2026-03-17 04:01:00,5996.0,5996.0,5987.0,5988.0,13600.0
2026-03-17 04:02:00,5988.0,5994.0,5987.0,5992.0,9500.0
2026-03-17 04:03:00,5992.0,5992.0,5986.0,5987.0,7700.0
2026-03-17 04:04:00,5987.0,5992.0,5986.0,5990.0,4500.0
2026-03-17 04:05:00,5991.0,5999.0,5991.0,5996.0,5300.0
2026-03-17 04:06:00,5996.0,5997.0,5990.0,5994.0,6600.0
2026-03-17 04:07:00,5994.0,5994.0,5989.0,5989.0,5100.0
2026-03-17 04:08:00,5990.0,5993.0,5988.0,5990.0,7800.0
2026-03-17 04:09:00,5991.0,5991.0,5985.0,5989.0,9100.0
2026-03-17 04:10:00,5989.0,5991.0,5987.0,5987.0,4400.0
2026-03-17 04:11:00,5986.0,5987.0,5981.0,5984.0,9800.0
2026-03-17 04:12:00,5985.0,5989.0,5983.0,5987.0,9300.0
2026-03-17 04:13:00,5987.0,5988.0,5983.0,5984.0,5600.0
2026-03-17 04:14:00,5984.0,5988.0,5982.0,5987.0,3200.0
2026-03-17 04:15:00,5986.0,5988.0,5984.0,5986.0,4700.0
2026-03-17 04:16:00,5987.0,5989.0,5987.0,5989.0,8100.0
2026-03-17 04:17:00,5989.0,5990.0,5985.0,5987.0,6800.0
2026-03-17 04:18:00,5987.0,5987.0,5983.0,5983.0,3400.0
2026-03-17 04:19:00,5983.0,5984.0,5979.0,5984.0,16500.0
2026-03-17 04:20:00,5984.0,5984.0,5979.0,5980.0,8600.0
2026-03-17 04:21:00,5979.0,5981.0,5979.0,5979.0,2100.0
2026-03-17 04:22:00,5979.0,5981.0,5967.0,5967.0,17800.0
2026-03-17 04:23:00,5966.0,5968.0,5962.0,5963.0,11800.0
2026-03-17 04:24:00,5965.0,5968.0,5963.0,5968.0,6100.0
2026-03-17 04:25:00,5967.0,5976.0,5967.0,5975.0,9700.0
2026-03-17 04:26:00,5974.0,5980.0,5968.0,5973.0,15100.0
2026-03-17 04:27:00,5972.0,5975.0,5970.0,5972.0,2500.0
2026-03-17 04:28:00,5973.0,5974.0,5971.0,5972.0,2300.0
2026-03-17 04:29:00,5973.0,5975.0,5972.0,5973.0,6800.0
2026-03-17 04:30:00,5974.0,5976.0,5974.0,5976.0,3000.0
2026-03-17 04:31:00,5976.0,5977.0,5971.0,5974.0,8500.0
2026-03-17 04:32:00,5972.0,5972.0,5970.0,5971.0,2700.0
2026-03-17 04:33:00,5971.0,5971.0,5965.0,5967.0,15600.0
2026-03-17 04:34:00,5967.0,5979.0,5967.0,5972.0,18800.0
2026-03-17 04:35:00,5973.0,5975.0,5972.0,5972.0,3400.0
2026-03-17 04:36:00,5972.0,5972.0,5969.0,5971.0,5200.0
2026-03-17 04:37:00,5971.0,5973.0,5971.0,5973.0,1900.0
2026-03-17 04:38:00,5973.0,5974.0,5968.0,5968.0,4300.0
2026-03-17 04:39:00,5968.0,5969.0,5962.0,5962.0,8500.0
2026-03-17 04:40:00,5962.0,5964.0,5961.0,5961.0,4700.0
2026-03-17 04:41:00,5961.0,5963.0,5957.0,5962.0,15700.0
2026-03-17 04:42:00,5961.0,5964.0,5958.0,5964.0,6600.0
2026-03-17 04:43:00,5963.0,5964.0,5958.0,5961.0,7500.0
2026-03-17 04:44:00,5961.0,5962.0,5955.0,5957.0,11100.0
2026-03-17 04:45:00,5958.0,5960.0,5958.0,5960.0,8400.0
2026-03-17 04:46:00,5960.0,5964.0,5960.0,5962.0,6100.0
2026-03-17 04:47:00,5961.0,5961.0,5957.0,5957.0,4600.0
2026-03-17 04:48:00,5956.0,5958.0,5956.0,5956.0,4300.0
2026-03-17 04:49:00,5956.0,5957.0,5947.0,5950.0,24400.0
2026-03-17 04:50:00,5951.0,5953.0,5948.0,5950.0,4900.0
2026-03-17 04:51:00,5950.0,5951.0,5949.0,5949.0,2600.0
2026-03-17 04:52:00,5949.0,5950.0,5945.0,5946.0,9300.0
2026-03-17 04:53:00,5946.0,5946.0,5944.0,5944.0,6200.0
2026-03-17 04:54:00,5944.0,5946.0,5943.0,5944.0,5300.0
2026-03-17 04:55:00,5945.0,5948.0,5944.0,5945.0,11300.0
2026-03-17 04:56:00,5945.0,5945.0,5942.0,5942.0,11300.0
2026-03-17 04:57:00,5941.0,5941.0,5937.0,5937.0,8000.0
2026-03-17 04:58:00,5937.0,5937.0,5932.0,5935.0,12800.0
2026-03-17 04:59:00,5936.0,5939.0,5936.0,5938.0,9500.0
2026-03-17 05:00:00,5940.0,5940.0,5936.0,5937.0,5600.0
2026-03-17 05:01:00,5936.0,5937.0,5934.0,5934.0,3900.0
2026-03-17 05:02:00,5934.0,5935.0,5931.0,5934.0,13800.0
2026-03-17 05:03:00,5935.0,5939.0,5934.0,5935.0,6400.0
2026-03-17 05:04:00,5935.0,5938.0,5933.0,5934.0,11600.0
2026-03-17 05:05:00,5934.0,5934.0,5922.0,5924.0,16700.0
2026-03-17 05:06:00,5922.0,5933.0,5922.0,5933.0,15100.0
2026-03-17 05:07:00,5932.0,5935.0,5926.0,5926.0,13900.0
2026-03-17 05:08:00,5926.0,5929.0,5923.0,5925.0,17300.0
2026-03-17 05:09:00,5926.0,5927.0,5922.0,5922.0,5400.0
2026-03-17 05:10:00,5923.0,5927.0,5921.0,5927.0,15100.0
2026-03-17 05:11:00,5927.0,5931.0,5926.0,5931.0,6700.0
2026-03-17 05:12:00,5930.0,5933.0,5929.0,5933.0,6800.0
2026-03-17 05:13:00,5933.0,5939.0,5932.0,5936.0,23300.0
2026-03-17 05:14:00,5936.0,5936.0,5933.0,5933.0,11200.0
2026-03-17 05:15:00,5933.0,5933.0,5925.0,5928.0,11700.0
2026-03-17 05:16:00,5928.0,5929.0,5927.0,5928.0,3100.0
2026-03-17 05:17:00,5927.0,5927.0,5919.0,5919.0,37000.0
2026-03-17 05:18:00,5918.0,5923.0,5914.0,5921.0,22300.0
2026-03-17 05:19:00,5921.0,5926.0,5921.0,5924.0,9400.0
2026-03-17 05:20:00,5923.0,5923.0,5919.0,5920.0,9900.0
2026-03-17 05:21:00,5921.0,5921.0,5917.0,5919.0,4800.0
2026-03-17 05:22:00,5919.0,5919.0,5918.0,5919.0,2800.0
2026-03-17 05:23:00,5919.0,5922.0,5919.0,5920.0,8000.0
2026-03-17 05:24:00,5919.0,5919.0,5918.0,5919.0,6300.0
2026-03-17 05:25:00,5919.0,5919.0,5917.0,5917.0,16100.0
2026-03-17 05:26:00,5917.0,5917.0,5915.0,5916.0,3500.0
2026-03-17 05:27:00,5915.0,5920.0,5912.0,5919.0,10800.0
2026-03-17 05:28:00,5919.0,5920.0,5917.0,5917.0,8300.0
2026-03-17 05:29:00,5917.0,5917.0,5914.0,5916.0,4400.0
2026-03-17 05:30:00,5917.0,5917.0,5909.0,5909.0,21400.0
2026-03-17 05:31:00,5909.0,5913.0,5907.0,5907.0,12200.0
2026-03-17 05:32:00,5906.0,5908.0,5904.0,5908.0,7700.0
2026-03-17 05:33:00,5908.0,5908.0,5904.0,5908.0,15800.0
2026-03-17 05:34:00,5908.0,5908.0,5905.0,5906.0,3500.0
2026-03-17 05:35:00,5906.0,5907.0,5903.0,5906.0,9900.0
2026-03-17 05:36:00,5905.0,5907.0,5905.0,5906.0,2800.0
2026-03-17 05:37:00,5906.0,5914.0,5902.0,5912.0,21600.0
2026-03-17 05:38:00,5913.0,5914.0,5908.0,5908.0,12300.0
2026-03-17 05:39:00,5909.0,5909.0,5907.0,5907.0,3200.0
2026-03-17 05:40:00,5906.0,5911.0,5906.0,5910.0,6700.0
2026-03-17 05:41:00,5910.0,5910.0,5904.0,5906.0,6600.0
2026-03-17 05:42:00,5907.0,5907.0,5904.0,5904.0,4500.0
2026-03-17 05:43:00,5903.0,5903.0,5896.0,5898.0,22700.0
2026-03-17 05:44:00,5897.0,5902.0,5897.0,5902.0,8700.0
2026-03-17 05:45:00,5901.0,5901.0,5895.0,5895.0,9100.0
2026-03-17 05:46:00,5896.0,5898.0,5894.0,5896.0,9900.0
2026-03-17 05:47:00,5896.0,5896.0,5893.0,5895.0,4800.0
2026-03-17 05:48:00,5894.0,5895.0,5879.0,5893.0,69500.0
2026-03-17 05:49:00,5893.0,5893.0,5882.0,5890.0,40400.0
2026-03-17 05:50:00,5891.0,5892.0,5881.0,5889.0,25600.0
2026-03-17 05:51:00,5890.0,5895.0,5890.0,5894.0,6400.0
2026-03-17 05:52:00,5895.0,5900.0,5895.0,5899.0,14400.0
2026-03-17 05:53:00,5898.0,5898.0,5893.0,5893.0,6200.0
2026-03-17 05:54:00,5892.0,5899.0,5892.0,5896.0,6700.0
2026-03-17 05:55:00,5897.0,5897.0,5893.0,5895.0,5300.0
2026-03-17 05:56:00,5895.0,5895.0,5888.0,5889.0,9800.0
2026-03-17 05:57:00,5889.0,5904.0,5889.0,5904.0,13800.0
2026-03-17 05:58:00,5903.0,5909.0,5899.0,5908.0,11100.0
2026-03-17 05:59:00,5908.0,5908.0,5903.0,5905.0,7400.0
2026-03-17 06:00:00,5905.0,5906.0,5900.0,5902.0,15000.0
2026-03-17 06:01:00,5900.0,5902.0,5897.0,5899.0,9500.0
2026-03-17 06:02:00,5900.0,5905.0,5899.0,5902.0,11500.0
2026-03-17 06:03:00,5901.0,5905.0,5892.0,5895.0,30800.0
2026-03-17 06:04:00,5894.0,5898.0,5893.0,5895.0,9400.0
2026-03-17 06:05:00,5895.0,5897.0,5894.0,5895.0,7200.0
2026-03-17 06:06:00,5895.0,5895.0,5891.0,5891.0,8000.0
2026-03-17 06:07:00,5892.0,5899.0,5891.0,5898.0,9700.0
2026-03-17 06:08:00,5897.0,5900.0,5894.0,5897.0,11100.0
2026-03-17 06:09:00,5897.0,5899.0,5895.0,5896.0,4700.0
2026-03-17 06:10:00,5896.0,5897.0,5895.0,5897.0,9400.0
2026-03-17 06:11:00,5897.0,5900.0,5893.0,5900.0,8000.0
2026-03-17 06:12:00,5899.0,5908.0,5899.0,5906.0,12600.0
2026-03-17 06:13:00,5905.0,5906.0,5903.0,5905.0,5800.0
2026-03-17 06:14:00,5906.0,5909.0,5902.0,5904.0,9600.0
2026-03-17 06:15:00,5903.0,5909.0,5902.0,5909.0,12900.0
2026-03-17 06:16:00,5909.0,5912.0,5907.0,5910.0,16100.0
2026-03-17 06:17:00,5910.0,5911.0,5906.0,5907.0,9800.0
2026-03-17 06:18:00,5907.0,5910.0,5907.0,5910.0,4700.0
2026-03-17 06:19:00,5910.0,5916.0,5910.0,5914.0,36600.0
2026-03-17 06:20:00,5914.0,5923.0,5913.0,5923.0,15400.0
2026-03-17 06:21:00,5924.0,5927.0,5919.0,5926.0,30100.0
2026-03-17 06:22:00,5924.0,5925.0,5919.0,5922.0,10300.0
2026-03-17 06:23:00,5923.0,5924.0,5919.0,5920.0,10500.0
2026-03-17 06:24:00,5920.0,5923.0,5912.0,5917.0,17500.0
2026-03-17 06:25:00,,,,,
2026-03-17 06:26:00,,,,,
2026-03-17 06:27:00,,,,,
2026-03-17 06:28:00,,,,,
2026-03-17 06:29:00,,,,,
2026-03-17 06:30:00,5943.0,5943.0,5943.0,5943.0,743900.0
2026-03-18 00:00:00,6005.0,6042.0,6002.0,6042.0,369100.0
2026-03-18 00:01:00,6037.0,6039.0,6003.0,6026.0,56300.0
2026-03-18 00:02:00,6023.0,6024.0,6004.0,6021.0,33500.0
2026-03-18 00:03:00,6022.0,6034.0,6012.0,6026.0,37000.0
2026-03-18 00:04:00,6025.0,6056.0,6024.0,6054.0,66200.0
2026-03-18 00:05:00,6053.0,6055.0,6020.0,6020.0,41500.0
2026-03-18 00:06:00,6019.0,6026.0,6010.0,6022.0,21400.0
2026-03-18 00:07:00,6025.0,6029.0,6011.0,6024.0,44000.0
2026-03-18 00:08:00,6025.0,6025.0,6018.0,6021.0,24200.0
2026-03-18 00:09:00,6021.0,6044.0,6021.0,6039.0,48000.0
2026-03-18 00:10:00,6038.0,6038.0,6019.0,6024.0,29700.0
2026-03-18 00:11:00,6021.0,6029.0,6016.0,6025.0,29700.0
2026-03-18 00:12:00,6024.0,6026.0,6017.0,6021.0,16800.0
2026-03-18 00:13:00,6021.0,6031.0,6020.0,6031.0,13900.0
2026-03-18 00:14:00,6030.0,6039.0,6029.0,6036.0,13200.0
2026-03-18 00:15:00,6036.0,6047.0,6030.0,6040.0,42500.0
2026-03-18 00:16:00,6041.0,6054.0,6035.0,6043.0,33300.0
2026-03-18 00:17:00,6041.0,6042.0,6023.0,6026.0,16300.0
2026-03-18 00:18:00,6025.0,6027.0,6012.0,6012.0,47000.0
2026-03-18 00:19:00,6011.0,6013.0,5996.0,5998.0,46900.0
2026-03-18 00:20:00,5998.0,6024.0,5998.0,6008.0,25200.0
2026-03-18 00:21:00,6007.0,6024.0,6003.0,6023.0,14500.0
2026-03-18 00:22:00,6022.0,6033.0,6022.0,6030.0,11200.0
2026-03-18 00:23:00,6031.0,6039.0,6024.0,6033.0,41700.0
2026-03-18 00:24:00,6034.0,6046.0,6034.0,6043.0,15800.0
2026-03-18 00:25:00,6042.0,6048.0,6039.0,6048.0,18000.0
2026-03-18 00:26:00,6048.0,6066.0,6048.0,6061.0,87100.0
2026-03-18 00:27:00,6060.0,6060.0,6049.0,6049.0,9900.0
2026-03-18 00:28:00,6050.0,6059.0,6048.0,6052.0,14900.0
2026-03-18 00:29:00,6052.0,6052.0,6047.0,6049.0,5600.0
2026-03-18 00:30:00,6049.0,6061.0,6046.0,6055.0,18400.0
2026-03-18 00:31:00,6054.0,6061.0,6054.0,6060.0,7100.0
2026-03-18 00:32:00,6060.0,6066.0,6057.0,6058.0,15200.0
2026-03-18 00:33:00,6060.0,6081.0,6057.0,6081.0,73200.0
2026-03-18 00:34:00,6080.0,6082.0,6073.0,6080.0,20500.0
2026-03-18 00:35:00,6079.0,6091.0,6079.0,6088.0,34800.0
2026-03-18 00:36:00,6089.0,6092.0,6081.0,6091.0,16700.0
2026-03-18 00:37:00,6091.0,6095.0,6082.0,6085.0,22700.0
2026-03-18 00:38:00,6086.0,6091.0,6086.0,6088.0,10300.0
2026-03-18 00:39:00,6090.0,6090.0,6077.0,6077.0,22700.0
2026-03-18 00:40:00,6078.0,6088.0,6076.0,6083.0,13400.0
2026-03-18 00:41:00,6081.0,6103.0,6079.0,6097.0,118600.0
2026-03-18 00:42:00,6097.0,6107.0,6095.0,6107.0,27900.0
2026-03-18 00:43:00,6108.0,6110.0,6099.0,6100.0,44500.0
2026-03-18 00:44:00,6102.0,6108.0,6100.0,6105.0,9900.0
2026-03-18 00:45:00,6104.0,6108.0,6100.0,6108.0,10900.0
2026-03-18 00:46:00,6109.0,6113.0,6097.0,6102.0,66600.0
2026-03-18 00:47:00,6102.0,6103.0,6093.0,6095.0,19100.0
2026-03-18 00:48:00,6096.0,6096.0,6090.0,6094.0,13800.0
2026-03-18 00:49:00,6092.0,6107.0,6092.0,6107.0,15600.0
2026-03-18 00:50:00,6106.0,6113.0,6105.0,6111.0,17900.0
2026-03-18 00:51:00,6111.0,6115.0,6105.0,6107.0,18800.0
2026-03-18 00:52:00,6108.0,6120.0,6108.0,6118.0,17100.0
2026-03-18 00:53:00,6118.0,6127.0,6110.0,6124.0,38700.0
2026-03-18 00:54:00,6125.0,6126.0,6116.0,6116.0,10100.0
2026-03-18 00:55:00,6116.0,6126.0,6109.0,6123.0,84600.0
2026-03-18 00:56:00,6123.0,6124.0,6116.0,6121.0,8800.0
2026-03-18 00:57:00,6122.0,6123.0,6118.0,6120.0,8600.0
2026-03-18 00:58:00,6120.0,6121.0,6111.0,6119.0,12400.0
2026-03-18 00:59:00,6120.0,6125.0,6120.0,6124.0,17700.0
2026-03-18 01:00:00,6125.0,6152.0,6125.0,6143.0,81300.0
2026-03-18 01:01:00,6143.0,6160.0,6141.0,6148.0,139800.0
2026-03-18 01:02:00,6151.0,6151.0,6140.0,6147.0,18300.0
2026-03-18 01:03:00,6145.0,6147.0,6134.0,6136.0,13100.0
2026-03-18 01:04:00,6135.0,6143.0,6134.0,6143.0,26200.0
2026-03-18 01:05:00,6143.0,6153.0,6140.0,6151.0,68700.0
2026-03-18 01:06:00,6150.0,6154.0,6132.0,6149.0,113500.0
2026-03-18 01:07:00,6148.0,6160.0,6147.0,6155.0,46100.0
2026-03-18 01:08:00,6157.0,6168.0,6149.0,6150.0,79700.0
2026-03-18 01:09:00,6151.0,6154.0,6144.0,6150.0,26000.0
2026-03-18 01:10:00,6150.0,6165.0,6149.0,6160.0,59500.0
2026-03-18 01:11:00,6158.0,6159.0,6146.0,6158.0,25600.0
2026-03-18 01:12:00,6159.0,6186.0,6158.0,6181.0,81600.0
2026-03-18 01:13:00,6183.0,6211.0,6180.0,6209.0,89900.0
2026-03-18 01:14:00,6209.0,6218.0,6205.0,6212.0,85900.0
2026-03-18 01:15:00,6214.0,6243.0,6214.0,6238.0,130900.0
2026-03-18 01:16:00,6240.0,6241.0,6225.0,6233.0,58100.0
2026-03-18 01:17:00,6232.0,6237.0,6221.0,6228.0,91600.0
2026-03-18 01:18:00,6227.0,6236.0,6217.0,6231.0,60100.0
2026-03-18 01:19:00,6230.0,6234.0,6222.0,6225.0,43900.0
2026-03-18 01:20:00,6223.0,6225.0,6193.0,6201.0,48800.0
2026-03-18 01:21:00,6199.0,6206.0,6190.0,6199.0,32000.0
2026-03-18 01:22:00,6199.0,6219.0,6199.0,6218.0,18700.0
2026-03-18 01:23:00,6217.0,6221.0,6204.0,6216.0,22700.0
2026-03-18 01:24:00,6217.0,6238.0,6211.0,6233.0,93100.0
2026-03-18 01:25:00,6233.0,6256.0,6228.0,6250.0,88800.0
2026-03-18 01:26:00,6247.0,6262.0,6244.0,6251.0,40100.0
2026-03-18 01:27:00,6249.0,6264.0,6243.0,6250.0,32000.0
2026-03-18 01:28:00,6250.0,6253.0,6234.0,6234.0,36900.0
2026-03-18 01:29:00,6235.0,6240.0,6227.0,6228.0,53300.0
2026-03-18 01:30:00,6227.0,6230.0,6215.0,6218.0,46300.0
2026-03-18 01:31:00,6219.0,6237.0,6213.0,6223.0,54200.0
2026-03-18 01:32:00,6225.0,6229.0,6213.0,6220.0,20600.0
2026-03-18 01:33:00,6220.0,6237.0,6219.0,6235.0,14800.0
2026-03-18 01:34:00,6238.0,6251.0,6237.0,6245.0,41700.0
2026-03-18 01:35:00,6243.0,6250.0,6227.0,6229.0,30600.0
2026-03-18 01:36:00,6227.0,6228.0,6217.0,6227.0,26200.0
2026-03-18 01:37:00,6230.0,6230.0,6217.0,6219.0,25000.0
2026-03-18 01:38:00,6218.0,6222.0,6213.0,6218.0,29900.0
2026-03-18 01:39:00,6217.0,6230.0,6217.0,6230.0,14900.0
2026-03-18 01:40:00,6229.0,6230.0,6221.0,6222.0,17300.0
2026-03-18 01:41:00,6221.0,6233.0,6220.0,6228.0,8000.0
2026-03-18 01:42:00,6226.0,6234.0,6224.0,6226.0,11800.0
2026-03-18 01:43:00,6227.0,6227.0,6216.0,6220.0,16200.0
2026-03-18 01:44:00,6219.0,6220.0,6209.0,6212.0,29900.0
2026-03-18 01:45:00,6211.0,6211.0,6202.0,6208.0,21800.0
2026-03-18 01:46:00,6206.0,6219.0,6203.0,6211.0,17100.0
2026-03-18 01:47:00,6210.0,6225.0,6210.0,6223.0,14800.0
2026-03-18 01:48:00,6222.0,6222.0,6204.0,6204.0,15600.0
2026-03-18 01:49:00,6204.0,6209.0,6198.0,6209.0,21000.0
2026-03-18 01:50:00,6209.0,6212.0,6200.0,6203.0,15900.0
2026-03-18 01:51:00,6204.0,6208.0,6203.0,6208.0,9600.0
2026-03-18 01:52:00,6207.0,6211.0,6205.0,6209.0,14500.0
2026-03-18 01:53:00,6208.0,6219.0,6208.0,6213.0,17800.0
2026-03-18 01:54:00,6214.0,6220.0,6207.0,6220.0,22900.0
2026-03-18 01:55:00,6221.0,6221.0,6215.0,6217.0,7700.0
2026-03-18 01:56:00,6218.0,6228.0,6217.0,6227.0,99900.0
2026-03-18 01:57:00,6227.0,6228.0,6216.0,6223.0,24600.0
2026-03-18 01:58:00,6223.0,6227.0,6223.0,6223.0,10700.0
2026-03-18 01:59:00,6224.0,6224.0,6213.0,6214.0,14300.0
2026-03-18 02:00:00,6213.0,6221.0,6203.0,6214.0,19300.0
2026-03-18 02:01:00,6216.0,6217.0,6213.0,6216.0,7700.0
2026-03-18 02:02:00,6216.0,6216.0,6212.0,6212.0,5600.0
2026-03-18 02:03:00,6212.0,6217.0,6210.0,6212.0,8500.0
2026-03-18 02:04:00,6211.0,6218.0,6207.0,6217.0,14400.0
2026-03-18 02:05:00,6217.0,6224.0,6214.0,6220.0,15400.0
2026-03-18 02:06:00,6220.0,6224.0,6220.0,6224.0,7700.0
2026-03-18 02:07:00,6224.0,6224.0,6213.0,6215.0,10800.0
2026-03-18 02:08:00,6216.0,6218.0,6210.0,6212.0,20200.0
2026-03-18 02:09:00,6210.0,6219.0,6210.0,6219.0,7800.0
2026-03-18 02:10:00,6220.0,6224.0,6218.0,6220.0,8400.0
2026-03-18 02:11:00,6220.0,6226.0,6218.0,6224.0,20000.0
2026-03-18 02:12:00,6224.0,6224.0,6206.0,6211.0,10600.0
2026-03-18 02:13:00,6211.0,6216.0,6211.0,6214.0,7500.0
2026-03-18 02:14:00,6213.0,6217.0,6211.0,6212.0,7200.0
2026-03-18 02:15:00,6213.0,6213.0,6208.0,6211.0,7700.0
2026-03-18 02:16:00,6212.0,6217.0,6211.0,6217.0,10000.0
2026-03-18 02:17:00,6216.0,6218.0,6216.0,6216.0,3900.0
2026-03-18 02:18:00,6216.0,6219.0,6213.0,6216.0,9900.0
2026-03-18 02:19:00,6215.0,6217.0,6214.0,6216.0,5000.0
2026-03-18 02:20:00,6216.0,6220.0,6215.0,6216.0,13400.0
2026-03-18 02:21:00,6218.0,6218.0,6213.0,6215.0,9900.0
2026-03-18 02:22:00,6215.0,6217.0,6208.0,6216.0,22800.0
2026-03-18 02:23:00,6215.0,6219.0,6214.0,6219.0,5200.0
2026-03-18 02:24:00,6218.0,6219.0,6204.0,6207.0,8900.0
2026-03-18 02:25:00,6207.0,6207.0,6188.0,6193.0,36600.0
2026-03-18 02:26:00,6193.0,6197.0,6191.0,6191.0,22900.0
2026-03-18 02:27:00,6193.0,6193.0,6186.0,6192.0,18000.0
2026-03-18 02:28:00,6189.0,6195.0,6184.0,6194.0,21200.0
2026-03-18 02:29:00,6194.0,6197.0,6191.0,6193.0,8600.0
2026-03-18 02:30:00,6192.0,6192.0,6192.0,6192.0,7800.0
2026-03-18 03:05:00,,,,,
2026-03-18 03:06:00,,,,,
2026-03-18 03:07:00,,,,,
2026-03-18 03:08:00,,,,,
2026-03-18 03:09:00,,,,,
2026-03-18 03:10:00,,,,,
2026-03-18 03:11:00,,,,,
2026-03-18 03:12:00,,,,,
2026-03-18 03:13:00,,,,,
2026-03-18 03:14:00,,,,,
2026-03-18 03:15:00,,,,,
2026-03-18 03:16:00,,,,,
2026-03-18 03:17:00,,,,,
2026-03-18 03:18:00,,,,,
2026-03-18 03:19:00,,,,,
2026-03-18 03:20:00,,,,,
2026-03-18 03:21:00,,,,,
2026-03-18 03:22:00,,,,,
2026-03-18 03:23:00,,,,,
2026-03-18 03:24:00,,,,,
2026-03-18 03:25:00,,,,,
2026-03-18 03:26:00,,,,,
2026-03-18 03:27:00,,,,,
2026-03-18 03:28:00,,,,,
2026-03-18 03:29:00,,,,,
2026-03-18 03:30:00,6205.0,6217.0,6196.0,6200.0,181500.0
2026-03-18 03:31:00,6202.0,6206.0,6186.0,6190.0,33300.0
2026-03-18 03:32:00,6190.0,6190.0,6177.0,6190.0,35000.0
2026-03-18 03:33:00,6189.0,6204.0,6189.0,6198.0,21300.0
2026-03-18 03:34:00,6197.0,6199.0,6191.0,6195.0,19200.0
2026-03-18 03:35:00,6194.0,6198.0,6185.0,6185.0,22100.0
2026-03-18 03:36:00,6184.0,6193.0,6182.0,6193.0,15500.0
2026-03-18 03:37:00,6193.0,6196.0,6170.0,6193.0,56400.0
2026-03-18 03:38:00,6193.0,6193.0,6176.0,6177.0,64900.0
2026-03-18 03:39:00,6176.0,6189.0,6176.0,6184.0,14700.0
2026-03-18 03:40:00,6184.0,6185.0,6174.0,6176.0,14300.0
2026-03-18 03:41:00,6174.0,6176.0,6166.0,6171.0,20000.0
2026-03-18 03:42:00,6172.0,6179.0,6170.0,6175.0,13800.0
2026-03-18 03:43:00,6173.0,6175.0,6171.0,6171.0,5300.0
2026-03-18 03:44:00,6170.0,6170.0,6160.0,6160.0,22200.0
2026-03-18 03:45:00,6161.0,6172.0,6161.0,6172.0,26600.0
2026-03-18 03:46:00,6172.0,6180.0,6164.0,6179.0,23500.0
2026-03-18 03:47:00,6178.0,6183.0,6175.0,6176.0,13400.0
2026-03-18 03:48:00,6179.0,6194.0,6179.0,6191.0,20500.0
2026-03-18 03:49:00,6192.0,6195.0,6191.0,6193.0,6500.0
2026-03-18 03:50:00,6193.0,6193.0,6187.0,6189.0,10300.0
2026-03-18 03:51:00,6190.0,6195.0,6190.0,6194.0,6500.0
2026-03-18 03:52:00,6194.0,6195.0,6191.0,6191.0,6600.0
2026-03-18 03:53:00,6190.0,6190.0,6182.0,6185.0,21100.0
2026-03-18 03:54:00,6184.0,6187.0,6182.0,6186.0,4500.0
2026-03-18 03:55:00,6187.0,6188.0,6182.0,6185.0,15300.0
2026-03-18 03:56:00,6185.0,6186.0,6183.0,6185.0,2300.0
2026-03-18 03:57:00,6186.0,6195.0,6185.0,6195.0,20200.0
2026-03-18 03:58:00,6193.0,6197.0,6192.0,6195.0,9400.0
2026-03-18 03:59:00,6194.0,6208.0,6194.0,6204.0,22200.0
2026-03-18 04:00:00,6205.0,6211.0,6205.0,6207.0,22700.0
2026-03-18 04:01:00,6206.0,6208.0,6198.0,6198.0,16800.0
2026-03-18 04:02:00,6198.0,6198.0,6189.0,6193.0,12500.0
2026-03-18 04:03:00,6192.0,6195.0,6191.0,6195.0,2700.0
2026-03-18 04:04:00,6196.0,6196.0,6191.0,6193.0,5700.0
2026-03-18 04:05:00,6192.0,6192.0,6187.0,6190.0,8000.0
2026-03-18 04:06:00,6191.0,6191.0,6186.0,6186.0,4500.0
2026-03-18 04:07:00,6186.0,6187.0,6183.0,6187.0,4600.0
2026-03-18 04:08:00,6186.0,6198.0,6184.0,6197.0,34100.0
2026-03-18 04:09:00,6198.0,6200.0,6195.0,6196.0,8600.0
2026-03-18 04:10:00,6195.0,6199.0,6194.0,6196.0,5800.0
2026-03-18 04:11:00,6195.0,6196.0,6194.0,6196.0,3300.0
2026-03-18 04:12:00,6196.0,6197.0,6193.0,6193.0,8900.0
2026-03-18 04:13:00,6193.0,6195.0,6192.0,6195.0,4800.0
2026-03-18 04:14:00,6194.0,6195.0,6192.0,6195.0,2600.0
2026-03-18 04:15:00,6194.0,6194.0,6188.0,6190.0,6900.0
2026-03-18 04:16:00,6189.0,6190.0,6186.0,6188.0,9700.0
2026-03-18 04:17:00,6189.0,6192.0,6189.0,6192.0,5100.0
2026-03-18 04:18:00,6191.0,6194.0,6189.0,6189.0,4700.0
2026-03-18 04:19:00,6191.0,6192.0,6188.0,6192.0,7700.0
2026-03-18 04:20:00,6191.0,6193.0,6190.0,6192.0,3200.0
2026-03-18 04:21:00,6192.0,6197.0,6192.0,6194.0,10000.0
2026-03-18 04:22:00,6193.0,6194.0,6191.0,6194.0,2200.0
2026-03-18 04:23:00,6192.0,6193.0,6190.0,6192.0,2400.0
2026-03-18 04:24:00,6192.0,6193.0,6190.0,6193.0,4800.0
2026-03-18 04:25:00,6193.0,6194.0,6191.0,6192.0,5300.0
2026-03-18 04:26:00,6191.0,6197.0,6190.0,6196.0,5700.0
2026-03-18 04:27:00,6196.0,6196.0,6192.0,6192.0,3300.0
2026-03-18 04:28:00,6194.0,6199.0,6193.0,6197.0,21700.0
2026-03-18 04:29:00,6197.0,6200.0,6197.0,6200.0,5200.0
2026-03-18 04:30:00,6200.0,6205.0,6199.0,6205.0,28700.0
2026-03-18 04:31:00,6205.0,6207.0,6200.0,6203.0,8700.0
2026-03-18 04:32:00,6203.0,6203.0,6202.0,6203.0,2100.0
2026-03-18 04:33:00,6203.0,6203.0,6202.0,6203.0,5500.0
2026-03-18 04:34:00,6203.0,6203.0,6199.0,6202.0,10200.0
2026-03-18 04:35:00,6201.0,6205.0,6200.0,6205.0,11200.0
2026-03-18 04:36:00,6206.0,6211.0,6202.0,6210.0,13000.0
2026-03-18 04:37:00,6209.0,6209.0,6205.0,6205.0,4700.0
2026-03-18 04:38:00,6205.0,6206.0,6204.0,6205.0,3900.0
2026-03-18 04:39:00,6203.0,6206.0,6203.0,6205.0,2600.0
2026-03-18 04:40:00,6205.0,6207.0,6204.0,6207.0,5400.0
2026-03-18 04:41:00,6206.0,6207.0,6206.0,6207.0,1300.0
2026-03-18 04:42:00,6206.0,6208.0,6205.0,6205.0,8500.0
2026-03-18 04:43:00,6206.0,6207.0,6200.0,6203.0,34800.0
2026-03-18 04:44:00,6204.0,6205.0,6204.0,6204.0,2000.0
2026-03-18 04:45:00,6204.0,6208.0,6204.0,6208.0,4700.0
2026-03-18 04:46:00,6208.0,6209.0,6206.0,6209.0,11300.0
2026-03-18 04:47:00,6208.0,6209.0,6206.0,6208.0,4100.0
2026-03-18 04:48:00,6208.0,6209.0,6208.0,6208.0,1000.0
2026-03-18 04:49:00,6209.0,6210.0,6204.0,6206.0,12600.0
2026-03-18 04:50:00,6205.0,6207.0,6204.0,6207.0,3500.0
2026-03-18 04:51:00,6208.0,6210.0,6208.0,6209.0,6500.0
2026-03-18 04:52:00,6208.0,6210.0,6208.0,6209.0,6400.0
2026-03-18 04:53:00,6209.0,6215.0,6209.0,6215.0,10700.0
2026-03-18 04:54:00,6215.0,6217.0,6204.0,6211.0,22200.0
2026-03-18 04:55:00,6209.0,6217.0,6209.0,6215.0,16500.0
2026-03-18 04:56:00,6215.0,6215.0,6204.0,6204.0,5100.0
2026-03-18 04:57:00,6203.0,6204.0,6200.0,6204.0,11200.0
2026-03-18 04:58:00,6202.0,6204.0,6202.0,6203.0,4000.0
2026-03-18 04:59:00,6204.0,6206.0,6203.0,6204.0,5900.0
2026-03-18 05:00:00,6205.0,6209.0,6205.0,6208.0,6500.0
2026-03-18 05:01:00,6209.0,6211.0,6206.0,6209.0,6300.0
2026-03-18 05:02:00,6208.0,6210.0,6207.0,6209.0,4000.0
2026-03-18 05:03:00,6209.0,6211.0,6204.0,6204.0,13700.0
2026-03-18 05:04:00,6206.0,6209.0,6205.0,6208.0,4500.0
2026-03-18 05:05:00,6207.0,6207.0,6197.0,6198.0,16300.0
2026-03-18 05:06:00,6200.0,6201.0,6199.0,6199.0,6200.0
2026-03-18 05:07:00,6200.0,6201.0,6198.0,6198.0,6200.0
2026-03-18 05:08:00,6198.0,6203.0,6196.0,6201.0,10900.0
2026-03-18 05:09:00,6200.0,6200.0,6197.0,6197.0,2100.0
2026-03-18 05:10:00,6198.0,6202.0,6198.0,6199.0,10000.0
2026-03-18 05:11:00,6199.0,6201.0,6198.0,6198.0,6300.0
2026-03-18 05:12:00,6198.0,6201.0,6198.0,6200.0,3100.0
2026-03-18 05:13:00,6200.0,6201.0,6199.0,6201.0,3300.0
2026-03-18 05:14:00,6201.0,6202.0,6201.0,6201.0,5200.0
2026-03-18 05:15:00,6201.0,6203.0,6201.0,6202.0,3600.0
2026-03-18 05:16:00,6202.0,6204.0,6199.0,6199.0,8800.0
2026-03-18 05:17:00,6200.0,6201.0,6199.0,6201.0,3900.0
2026-03-18 05:18:00,6201.0,6203.0,6201.0,6202.0,3800.0
2026-03-18 05:19:00,6202.0,6203.0,6202.0,6203.0,3800.0
2026-03-18 05:20:00,6203.0,6203.0,6202.0,6203.0,2200.0
2026-03-18 05:21:00,6202.0,6202.0,6196.0,6198.0,13700.0
2026-03-18 05:22:00,6199.0,6201.0,6199.0,6201.0,3800.0
2026-03-18 05:23:00,6201.0,6201.0,6198.0,6200.0,7600.0
2026-03-18 05:24:00,6200.0,6201.0,6198.0,6200.0,5700.0
2026-03-18 05:25:00,6200.0,6201.0,6198.0,6199.0,6200.0
2026-03-18 05:26:00,6199.0,6200.0,6199.0,6199.0,3300.0
2026-03-18 05:27:00,6200.0,6201.0,6197.0,6198.0,9200.0
2026-03-18 05:28:00,6197.0,6197.0,6186.0,6187.0,31500.0
2026-03-18 05:29:00,6187.0,6188.0,6183.0,6184.0,9200.0
2026-03-18 05:30:00,6185.0,6185.0,6180.0,6183.0,12200.0
2026-03-18 05:31:00,6182.0,6182.0,6181.0,6182.0,4300.0
2026-03-18 05:32:00,6182.0,6184.0,6181.0,6181.0,9400.0
2026-03-18 05:33:00,6181.0,6186.0,6181.0,6185.0,10500.0
2026-03-18 05:34:00,6184.0,6184.0,6180.0,6181.0,9100.0
2026-03-18 05:35:00,6180.0,6185.0,6178.0,6184.0,8400.0
2026-03-18 05:36:00,6183.0,6185.0,6182.0,6184.0,5500.0
2026-03-18 05:37:00,6184.0,6186.0,6184.0,6186.0,3900.0
2026-03-18 05:38:00,6186.0,6187.0,6185.0,6187.0,4900.0
2026-03-18 05:39:00,6186.0,6188.0,6186.0,6188.0,3200.0
2026-03-18 05:40:00,6188.0,6193.0,6184.0,6193.0,24600.0
2026-03-18 05:41:00,6193.0,6195.0,6191.0,6195.0,7400.0
2026-03-18 05:42:00,6196.0,6197.0,6195.0,6196.0,4500.0
2026-03-18 05:43:00,6196.0,6197.0,6196.0,6196.0,4600.0
2026-03-18 05:44:00,6196.0,6198.0,6196.0,6197.0,5700.0
2026-03-18 05:45:00,6197.0,6198.0,6194.0,6197.0,9100.0
2026-03-18 05:46:00,6198.0,6202.0,6197.0,6201.0,18900.0
2026-03-18 05:47:00,6201.0,6208.0,6201.0,6206.0,34800.0
2026-03-18 05:48:00,6207.0,6210.0,6207.0,6208.0,7500.0
2026-03-18 05:49:00,6208.0,6210.0,6206.0,6208.0,14600.0
2026-03-18 05:50:00,6208.0,6209.0,6203.0,6203.0,11700.0
2026-03-18 05:51:00,6203.0,6203.0,6201.0,6202.0,6700.0
2026-03-18 05:52:00,6202.0,6202.0,6201.0,6201.0,4400.0
2026-03-18 05:53:00,6201.0,6201.0,6198.0,6199.0,10800.0
2026-03-18 05:54:00,6200.0,6202.0,6199.0,6202.0,11000.0
2026-03-18 05:55:00,6201.0,6202.0,6200.0,6201.0,6600.0
2026-03-18 05:56:00,6200.0,6201.0,6199.0,6200.0,8200.0
2026-03-18 05:57:00,6200.0,6200.0,6198.0,6199.0,6000.0
2026-03-18 05:58:00,6199.0,6200.0,6198.0,6198.0,6200.0
2026-03-18 05:59:00,6199.0,6200.0,6198.0,6200.0,9100.0
2026-03-18 06:00:00,6200.0,6204.0,6200.0,6203.0,15800.0
2026-03-18 06:01:00,6204.0,6207.0,6203.0,6204.0,11500.0
2026-03-18 06:02:00,6202.0,6203.0,6202.0,6202.0,3300.0
2026-03-18 06:03:00,6202.0,6202.0,6200.0,6202.0,9900.0
2026-03-18 06:04:00,6203.0,6205.0,6202.0,6205.0,6300.0
2026-03-18 06:05:00,6205.0,6210.0,6205.0,6210.0,14200.0
2026-03-18 06:06:00,6209.0,6210.0,6208.0,6209.0,21900.0
2026-03-18 06:07:00,6208.0,6210.0,6207.0,6207.0,8600.0
2026-03-18 06:08:00,6208.0,6208.0,6205.0,6207.0,14700.0
2026-03-18 06:09:00,6205.0,6206.0,6198.0,6203.0,13200.0
2026-03-18 06:10:00,6204.0,6208.0,6204.0,6207.0,12300.0
2026-03-18 06:11:00,6207.0,6209.0,6206.0,6206.0,9600.0
2026-03-18 06:12:00,6207.0,6209.0,6207.0,6207.0,8700.0
2026-03-18 06:13:00,6207.0,6213.0,6204.0,6205.0,24100.0
2026-03-18 06:14:00,6205.0,6205.0,6200.0,6200.0,11400.0
2026-03-18 06:15:00,6200.0,6203.0,6199.0,6200.0,11700.0
2026-03-18 06:16:00,6200.0,6200.0,6199.0,6200.0,6200.0
2026-03-18 06:17:00,6199.0,6202.0,6199.0,6200.0,21100.0
2026-03-18 06:18:00,6200.0,6203.0,6199.0,6200.0,11400.0
2026-03-18 06:19:00,6202.0,6202.0,6198.0,6198.0,9700.0
2026-03-18 06:20:00,6198.0,6200.0,6198.0,6200.0,10500.0
2026-03-18 06:21:00,6199.0,6201.0,6197.0,6199.0,17500.0
2026-03-18 06:22:00,6200.0,6201.0,6198.0,6201.0,13900.0
2026-03-18 06:23:00,6200.0,6201.0,6199.0,6201.0,9400.0
2026-03-18 06:24:00,6201.0,6204.0,6200.0,6200.0,17400.0
2026-03-18 06:25:00,,,,,
2026-03-18 06:26:00,,,,,
2026-03-18 06:27:00,,,,,
2026-03-18 06:28:00,,,,,
2026-03-18 06:29:00,,,,,
2026-03-18 06:30:00,6182.0,6182.0,6182.0,6182.0,737700.0
2026-03-19 00:00:00,6103.0,6185.0,6100.0,6182.0,470700.0
2026-03-19 00:01:00,6180.0,6187.0,6130.0,6170.0,80700.0
2026-03-19 00:02:00,6169.0,6177.0,6149.0,6164.0,77400.0
2026-03-19 00:03:00,6164.0,6187.0,6156.0,6178.0,86900.0
2026-03-19 00:04:00,6179.0,6191.0,6169.0,6187.0,49000.0
2026-03-19 00:05:00,6189.0,6208.0,6185.0,6194.0,96200.0
2026-03-19 00:06:00,6192.0,6207.0,6180.0,6203.0,66000.0
2026-03-19 00:07:00,6205.0,6220.0,6199.0,6217.0,69000.0
2026-03-19 00:08:00,6216.0,6222.0,6205.0,6209.0,96100.0
2026-03-19 00:09:00,6208.0,6228.0,6189.0,6217.0,71800.0
2026-03-19 00:10:00,6217.0,6226.0,6209.0,6218.0,44800.0
2026-03-19 00:11:00,6219.0,6233.0,6218.0,6220.0,61800.0
2026-03-19 00:12:00,6219.0,6232.0,6210.0,6213.0,55400.0
2026-03-19 00:13:00,6211.0,6224.0,6208.0,6208.0,45900.0
2026-03-19 00:14:00,6208.0,6235.0,6203.0,6234.0,44500.0
2026-03-19 00:15:00,6232.0,6232.0,6212.0,6229.0,48200.0
2026-03-19 00:16:00,6227.0,6227.0,6209.0,6220.0,29200.0
2026-03-19 00:17:00,6219.0,6229.0,6209.0,6229.0,51700.0
2026-03-19 00:18:00,6230.0,6240.0,6221.0,6233.0,47500.0
2026-03-19 00:19:00,6233.0,6236.0,6216.0,6227.0,58500.0
2026-03-19 00:20:00,6229.0,6231.0,6207.0,6212.0,38300.0
2026-03-19 00:21:00,6214.0,6218.0,6194.0,6197.0,52800.0
2026-03-19 00:22:00,6195.0,6203.0,6188.0,6191.0,23500.0
2026-03-19 00:23:00,6190.0,6190.0,6180.0,6182.0,43600.0
2026-03-19 00:24:00,6180.0,6183.0,6161.0,6169.0,40000.0
2026-03-19 00:25:00,6168.0,6172.0,6157.0,6157.0,29200.0
2026-03-19 00:26:00,6157.0,6166.0,6144.0,6162.0,55800.0
2026-03-19 00:27:00,6163.0,6172.0,6161.0,6162.0,13800.0
2026-03-19 00:28:00,6161.0,6164.0,6158.0,6164.0,17000.0
2026-03-19 00:29:00,6164.0,6173.0,6160.0,6168.0,14200.0
2026-03-19 00:30:00,6168.0,6184.0,6168.0,6178.0,36100.0
2026-03-19 00:31:00,6178.0,6178.0,6162.0,6166.0,22800.0
2026-03-19 00:32:00,6165.0,6167.0,6149.0,6152.0,31200.0
2026-03-19 00:33:00,6151.0,6165.0,6151.0,6160.0,18200.0
2026-03-19 00:34:00,6161.0,6169.0,6157.0,6169.0,13500.0
2026-03-19 00:35:00,6168.0,6168.0,6152.0,6159.0,20300.0
2026-03-19 00:36:00,6158.0,6168.0,6158.0,6165.0,13300.0
2026-03-19 00:37:00,6165.0,6166.0,6158.0,6166.0,15000.0
2026-03-19 00:38:00,6166.0,6170.0,6164.0,6166.0,17900.0
2026-03-19 00:39:00,6167.0,6167.0,6154.0,6155.0,14900.0
2026-03-19 00:40:00,6154.0,6162.0,6154.0,6157.0,11100.0
2026-03-19 00:41:00,6158.0,6162.0,6154.0,6154.0,8000.0
2026-03-19 00:42:00,6153.0,6162.0,6150.0,6157.0,13800.0
2026-03-19 00:43:00,6158.0,6163.0,6158.0,6162.0,9100.0
2026-03-19 00:44:00,6162.0,6163.0,6157.0,6158.0,5800.0
2026-03-19 00:45:00,6159.0,6172.0,6159.0,6165.0,12800.0
2026-03-19 00:46:00,6167.0,6173.0,6167.0,6172.0,11000.0
2026-03-19 00:47:00,6171.0,6178.0,6170.0,6175.0,15600.0
2026-03-19 00:48:00,6176.0,6179.0,6171.0,6174.0,11700.0
2026-03-19 00:49:00,6173.0,6173.0,6168.0,6168.0,8300.0
2026-03-19 00:50:00,6169.0,6175.0,6166.0,6174.0,11100.0
2026-03-19 00:51:00,6176.0,6176.0,6168.0,6168.0,9900.0
2026-03-19 00:52:00,6169.0,6171.0,6163.0,6165.0,13800.0
2026-03-19 00:53:00,6165.0,6169.0,6165.0,6167.0,9100.0
2026-03-19 00:54:00,6166.0,6168.0,6161.0,6163.0,8800.0
2026-03-19 00:55:00,6164.0,6180.0,6164.0,6180.0,21400.0
2026-03-19 00:56:00,6180.0,6183.0,6174.0,6179.0,15000.0
2026-03-19 00:57:00,6179.0,6194.0,6179.0,6193.0,22100.0
2026-03-19 00:58:00,6193.0,6195.0,6184.0,6186.0,18400.0
2026-03-19 00:59:00,6187.0,6196.0,6187.0,6193.0,10500.0
2026-03-19 01:00:00,6193.0,6195.0,6187.0,6188.0,13900.0
2026-03-19 01:01:00,6188.0,6188.0,6174.0,6177.0,14200.0
2026-03-19 01:02:00,6176.0,6176.0,6165.0,6173.0,16100.0
2026-03-19 01:03:00,6175.0,6177.0,6170.0,6174.0,8300.0
2026-03-19 01:04:00,6174.0,6178.0,6172.0,6176.0,15500.0
2026-03-19 01:05:00,6178.0,6178.0,6156.0,6157.0,25400.0
2026-03-19 01:06:00,6159.0,6167.0,6158.0,6163.0,15100.0
2026-03-19 01:07:00,6163.0,6163.0,6151.0,6156.0,22500.0
2026-03-19 01:08:00,6157.0,6163.0,6157.0,6159.0,14500.0
2026-03-19 01:09:00,6158.0,6167.0,6158.0,6164.0,12200.0
2026-03-19 01:10:00,6163.0,6166.0,6163.0,6166.0,9700.0
2026-03-19 01:11:00,6165.0,6171.0,6161.0,6168.0,9100.0
2026-03-19 01:12:00,6167.0,6167.0,6155.0,6155.0,13700.0
2026-03-19 01:13:00,6155.0,6159.0,6154.0,6154.0,15500.0
2026-03-19 01:14:00,6154.0,6159.0,6153.0,6159.0,12100.0
2026-03-19 01:15:00,6159.0,6162.0,6157.0,6162.0,8200.0
2026-03-19 01:16:00,6161.0,6161.0,6150.0,6153.0,44000.0
2026-03-19 01:17:00,6152.0,6167.0,6152.0,6165.0,13200.0
2026-03-19 01:18:00,6164.0,6165.0,6156.0,6156.0,15000.0
2026-03-19 01:19:00,6155.0,6162.0,6153.0,6161.0,9300.0
2026-03-19 01:20:00,6160.0,6161.0,6156.0,6161.0,10900.0
2026-03-19 01:21:00,6161.0,6171.0,6161.0,6168.0,15000.0
2026-03-19 01:22:00,6168.0,6168.0,6159.0,6159.0,10400.0
2026-03-19 01:23:00,6159.0,6170.0,6159.0,6167.0,8700.0
2026-03-19 01:24:00,6166.0,6168.0,6164.0,6166.0,8100.0
2026-03-19 01:25:00,6166.0,6168.0,6165.0,6168.0,6500.0
2026-03-19 01:26:00,6168.0,6170.0,6164.0,6168.0,11400.0
2026-03-19 01:27:00,6168.0,6171.0,6167.0,6167.0,17400.0
2026-03-19 01:28:00,6168.0,6171.0,6167.0,6169.0,8800.0
2026-03-19 01:29:00,6167.0,6168.0,6151.0,6153.0,19500.0
2026-03-19 01:30:00,6153.0,6156.0,6145.0,6155.0,20100.0
2026-03-19 01:31:00,6156.0,6157.0,6147.0,6148.0,12200.0
2026-03-19 01:32:00,6147.0,6150.0,6141.0,6148.0,15100.0
2026-03-19 01:33:00,6149.0,6152.0,6148.0,6149.0,12100.0
2026-03-19 01:34:00,6150.0,6151.0,6146.0,6146.0,13200.0
2026-03-19 01:35:00,6147.0,6155.0,6147.0,6154.0,9400.0
2026-03-19 01:36:00,6153.0,6155.0,6151.0,6153.0,5500.0
2026-03-19 01:37:00,6153.0,6162.0,6152.0,6162.0,14600.0
2026-03-19 01:38:00,6161.0,6163.0,6159.0,6159.0,9100.0
2026-03-19 01:39:00,6161.0,6161.0,6156.0,6157.0,7200.0
2026-03-19 01:40:00,6157.0,6158.0,6153.0,6157.0,5400.0
2026-03-19 01:41:00,6156.0,6163.0,6155.0,6162.0,11100.0
2026-03-19 01:42:00,6162.0,6172.0,6161.0,6170.0,14100.0
2026-03-19 01:43:00,6170.0,6179.0,6169.0,6177.0,17100.0
2026-03-19 01:44:00,6178.0,6186.0,6178.0,6180.0,39000.0
2026-03-19 01:45:00,6180.0,6180.0,6172.0,6180.0,13100.0
2026-03-19 01:46:00,6181.0,6184.0,6179.0,6181.0,31500.0
2026-03-19 01:47:00,6182.0,6182.0,6177.0,6179.0,17100.0
2026-03-19 01:48:00,6180.0,6209.0,6179.0,6207.0,74300.0
2026-03-19 01:49:00,6206.0,6206.0,6197.0,6198.0,16800.0
2026-03-19 01:50:00,6200.0,6206.0,6199.0,6200.0,13400.0
2026-03-19 01:51:00,6202.0,6208.0,6202.0,6204.0,14600.0
2026-03-19 01:52:00,6203.0,6213.0,6203.0,6210.0,17600.0
2026-03-19 01:53:00,6210.0,6218.0,6203.0,6215.0,24900.0
2026-03-19 01:54:00,6216.0,6216.0,6208.0,6210.0,17800.0
2026-03-19 01:55:00,6211.0,6218.0,6211.0,6216.0,13100.0
2026-03-19 01:56:00,6215.0,6220.0,6213.0,6219.0,14100.0
2026-03-19 01:57:00,6219.0,6225.0,6217.0,6220.0,32400.0
2026-03-19 01:58:00,6219.0,6224.0,6217.0,6223.0,11600.0
2026-03-19 01:59:00,6222.0,6227.0,6221.0,6226.0,16600.0
2026-03-19 02:00:00,6225.0,6229.0,6224.0,6227.0,18900.0
2026-03-19 02:01:00,6225.0,6227.0,6211.0,6212.0,23200.0
2026-03-19 02:02:00,6212.0,6214.0,6207.0,6208.0,11200.0
2026-03-19 02:03:00,6210.0,6214.0,6209.0,6209.0,14100.0
2026-03-19 02:04:00,6210.0,6216.0,6208.0,6215.0,24100.0
2026-03-19 02:05:00,6214.0,6224.0,6214.0,6221.0,15300.0
2026-03-19 02:06:00,6220.0,6225.0,6219.0,6224.0,23200.0
2026-03-19 02:07:00,6223.0,6224.0,6221.0,6221.0,10200.0
2026-03-19 02:08:00,6222.0,6227.0,6221.0,6227.0,13200.0
2026-03-19 02:09:00,6225.0,6226.0,6223.0,6223.0,11300.0
2026-03-19 02:10:00,6222.0,6226.0,6222.0,6224.0,10700.0
2026-03-19 02:11:00,6224.0,6226.0,6216.0,6217.0,21300.0
2026-03-19 02:12:00,6216.0,6220.0,6215.0,6218.0,11300.0
2026-03-19 02:13:00,6217.0,6219.0,6215.0,6216.0,9500.0
2026-03-19 02:14:00,6216.0,6217.0,6214.0,6216.0,7600.0
2026-03-19 02:15:00,6216.0,6217.0,6212.0,6215.0,14300.0
2026-03-19 02:16:00,6215.0,6216.0,6203.0,6207.0,24200.0
2026-03-19 02:17:00,6206.0,6209.0,6204.0,6206.0,13800.0
2026-03-19 02:18:00,6206.0,6206.0,6202.0,6203.0,9000.0
2026-03-19 02:19:00,6204.0,6208.0,6203.0,6206.0,11300.0
2026-03-19 02:20:00,6207.0,6209.0,6207.0,6208.0,5300.0
2026-03-19 02:21:00,6208.0,6211.0,6207.0,6207.0,18300.0
2026-03-19 02:22:00,6208.0,6214.0,6208.0,6213.0,8200.0
2026-03-19 02:23:00,6212.0,6213.0,6208.0,6210.0,10800.0
2026-03-19 02:24:00,6211.0,6213.0,6206.0,6211.0,21600.0
2026-03-19 02:25:00,6210.0,6214.0,6210.0,6214.0,7200.0
2026-03-19 02:26:00,6214.0,6216.0,6211.0,6211.0,11400.0
2026-03-19 02:27:00,6210.0,6215.0,6210.0,6215.0,7200.0
2026-03-19 02:28:00,6214.0,6217.0,6214.0,6217.0,10600.0
2026-03-19 02:29:00,6217.0,6219.0,6213.0,6213.0,15000.0
2026-03-19 02:30:00,6218.0,6218.0,6218.0,6218.0,3500.0
2026-03-19 03:05:00,,,,,
2026-03-19 03:06:00,,,,,
2026-03-19 03:07:00,,,,,
2026-03-19 03:08:00,,,,,
2026-03-19 03:09:00,,,,,
2026-03-19 03:10:00,,,,,
2026-03-19 03:11:00,,,,,
2026-03-19 03:12:00,,,,,
2026-03-19 03:13:00,,,,,
2026-03-19 03:14:00,,,,,
2026-03-19 03:15:00,,,,,
2026-03-19 03:16:00,,,,,
2026-03-19 03:17:00,,,,,
2026-03-19 03:18:00,,,,,
2026-03-19 03:19:00,,,,,
2026-03-19 03:20:00,,,,,
2026-03-19 03:21:00,,,,,
2026-03-19 03:22:00,,,,,
2026-03-19 03:23:00,,,,,
2026-03-19 03:24:00,,,,,
2026-03-19 03:25:00,,,,,
2026-03-19 03:26:00,,,,,
2026-03-19 03:27:00,,,,,
2026-03-19 03:28:00,,,,,
2026-03-19 03:29:00,,,,,
2026-03-19 03:30:00,6224.0,6227.0,6172.0,6192.0,229400.0
2026-03-19 03:31:00,6194.0,6195.0,6181.0,6186.0,28700.0
2026-03-19 03:32:00,6186.0,6189.0,6180.0,6181.0,20000.0
2026-03-19 03:33:00,6180.0,6196.0,6180.0,6196.0,13300.0
2026-03-19 03:34:00,6196.0,6196.0,6189.0,6192.0,14600.0
2026-03-19 03:35:00,6193.0,6196.0,6182.0,6185.0,25600.0
2026-03-19 03:36:00,6185.0,6194.0,6184.0,6192.0,15200.0
2026-03-19 03:37:00,6193.0,6193.0,6181.0,6181.0,11900.0
2026-03-19 03:38:00,6182.0,6182.0,6179.0,6181.0,9600.0
2026-03-19 03:39:00,6182.0,6190.0,6182.0,6190.0,9500.0
2026-03-19 03:40:00,6190.0,6191.0,6182.0,6182.0,10500.0
2026-03-19 03:41:00,6183.0,6188.0,6182.0,6182.0,10400.0
2026-03-19 03:42:00,6183.0,6191.0,6183.0,6188.0,9100.0
2026-03-19 03:43:00,6189.0,6190.0,6184.0,6184.0,9600.0
2026-03-19 03:44:00,6184.0,6187.0,6180.0,6180.0,11900.0
2026-03-19 03:45:00,6181.0,6185.0,6180.0,6184.0,9100.0
2026-03-19 03:46:00,6184.0,6184.0,6182.0,6183.0,4700.0
2026-03-19 03:47:00,6185.0,6189.0,6184.0,6187.0,10600.0
2026-03-19 03:48:00,6188.0,6191.0,6187.0,6189.0,10000.0
2026-03-19 03:49:00,6190.0,6190.0,6185.0,6189.0,7500.0
2026-03-19 03:50:00,6189.0,6189.0,6183.0,6184.0,9100.0
2026-03-19 03:51:00,6184.0,6184.0,6176.0,6178.0,18700.0
2026-03-19 03:52:00,6178.0,6183.0,6178.0,6182.0,7300.0
2026-03-19 03:53:00,6182.0,6183.0,6181.0,6182.0,4400.0
2026-03-19 03:54:00,6182.0,6184.0,6178.0,6179.0,8200.0
2026-03-19 03:55:00,6179.0,6183.0,6178.0,6182.0,8200.0
2026-03-19 03:56:00,6182.0,6183.0,6181.0,6181.0,5900.0
2026-03-19 03:57:00,6181.0,6183.0,6180.0,6183.0,5300.0
2026-03-19 03:58:00,6184.0,6187.0,6179.0,6185.0,15600.0
2026-03-19 03:59:00,6186.0,6187.0,6184.0,6185.0,4300.0
2026-03-19 04:00:00,6185.0,6189.0,6183.0,6186.0,15300.0
2026-03-19 04:01:00,6187.0,6188.0,6186.0,6188.0,7200.0
2026-03-19 04:02:00,6189.0,6190.0,6187.0,6189.0,11600.0
2026-03-19 04:03:00,6188.0,6189.0,6187.0,6189.0,3800.0
2026-03-19 04:04:00,6188.0,6188.0,6184.0,6185.0,11600.0
2026-03-19 04:05:00,6185.0,6187.0,6183.0,6185.0,7800.0
2026-03-19 04:06:00,6185.0,6186.0,6183.0,6183.0,6900.0
2026-03-19 04:07:00,6182.0,6187.0,6182.0,6185.0,8300.0
2026-03-19 04:08:00,6184.0,6186.0,6180.0,6180.0,9000.0
2026-03-19 04:09:00,6180.0,6180.0,6175.0,6175.0,13000.0
2026-03-19 04:10:00,6174.0,6177.0,6174.0,6174.0,9400.0
2026-03-19 04:11:00,6173.0,6177.0,6172.0,6173.0,7800.0
2026-03-19 04:12:00,6174.0,6174.0,6167.0,6168.0,10600.0
2026-03-19 04:13:00,6169.0,6175.0,6168.0,6174.0,9000.0
2026-03-19 04:14:00,6175.0,6178.0,6174.0,6177.0,8900.0
2026-03-19 04:15:00,6176.0,6180.0,6174.0,6176.0,10100.0
2026-03-19 04:16:00,6176.0,6176.0,6174.0,6175.0,6000.0
2026-03-19 04:17:00,6175.0,6176.0,6171.0,6175.0,11900.0
2026-03-19 04:18:00,6174.0,6180.0,6173.0,6179.0,7400.0
2026-03-19 04:19:00,6179.0,6180.0,6176.0,6178.0,7600.0
2026-03-19 04:20:00,6178.0,6179.0,6177.0,6179.0,3500.0
2026-03-19 04:21:00,6179.0,6180.0,6172.0,6172.0,14100.0
2026-03-19 04:22:00,6173.0,6176.0,6172.0,6176.0,3500.0
2026-03-19 04:23:00,6175.0,6175.0,6167.0,6167.0,16000.0
2026-03-19 04:24:00,6167.0,6170.0,6165.0,6167.0,15400.0
2026-03-19 04:25:00,6167.0,6171.0,6166.0,6170.0,3900.0
2026-03-19 04:26:00,6171.0,6171.0,6169.0,6171.0,4300.0
2026-03-19 04:27:00,6171.0,6171.0,6170.0,6171.0,3300.0
2026-03-19 04:28:00,6172.0,6172.0,6170.0,6170.0,5000.0
2026-03-19 04:29:00,6169.0,6169.0,6168.0,6169.0,3800.0
2026-03-19 04:30:00,6170.0,6170.0,6167.0,6167.0,10700.0
2026-03-19 04:31:00,6168.0,6170.0,6168.0,6168.0,6500.0
2026-03-19 04:32:00,6168.0,6171.0,6167.0,6170.0,9100.0
2026-03-19 04:33:00,6170.0,6174.0,6170.0,6173.0,7600.0
2026-03-19 04:34:00,6173.0,6173.0,6170.0,6171.0,7700.0
2026-03-19 04:35:00,6172.0,6173.0,6171.0,6172.0,5600.0
2026-03-19 04:36:00,6172.0,6172.0,6170.0,6172.0,8200.0
2026-03-19 04:37:00,6172.0,6172.0,6168.0,6169.0,9800.0
2026-03-19 04:38:00,6169.0,6169.0,6168.0,6169.0,2300.0
2026-03-19 04:39:00,6170.0,6177.0,6170.0,6177.0,13100.0
2026-03-19 04:40:00,6177.0,6177.0,6175.0,6176.0,8500.0
2026-03-19 04:41:00,6175.0,6175.0,6167.0,6167.0,12100.0
2026-03-19 04:42:00,6168.0,6170.0,6166.0,6170.0,8600.0
2026-03-19 04:43:00,6170.0,6170.0,6169.0,6170.0,2400.0
2026-03-19 04:44:00,6170.0,6173.0,6170.0,6173.0,6100.0
2026-03-19 04:45:00,6174.0,6174.0,6172.0,6173.0,8500.0
2026-03-19 04:46:00,6174.0,6175.0,6174.0,6175.0,5300.0
2026-03-19 04:47:00,6175.0,6176.0,6174.0,6174.0,7900.0
2026-03-19 04:48:00,6173.0,6174.0,6173.0,6174.0,4400.0
2026-03-19 04:49:00,6175.0,6176.0,6175.0,6175.0,2000.0
2026-03-19 04:50:00,6175.0,6177.0,6175.0,6177.0,7100.0
2026-03-19 04:51:00,6177.0,6178.0,6169.0,6170.0,22500.0
2026-03-19 04:52:00,6171.0,6172.0,6169.0,6170.0,5700.0
2026-03-19 04:53:00,6171.0,6173.0,6171.0,6173.0,3200.0
2026-03-19 04:54:00,6172.0,6174.0,6172.0,6173.0,5800.0
2026-03-19 04:55:00,6173.0,6175.0,6173.0,6174.0,8200.0
2026-03-19 04:56:00,6174.0,6174.0,6172.0,6172.0,6600.0
2026-03-19 04:57:00,6172.0,6173.0,6171.0,6171.0,7800.0
2026-03-19 04:58:00,6171.0,6173.0,6170.0,6172.0,6600.0
2026-03-19 04:59:00,6172.0,6173.0,6170.0,6171.0,5000.0
2026-03-19 05:00:00,6171.0,6173.0,6171.0,6172.0,8200.0
2026-03-19 05:01:00,6171.0,6172.0,6166.0,6167.0,26000.0
2026-03-19 05:02:00,6168.0,6169.0,6167.0,6168.0,5400.0
2026-03-19 05:03:00,6167.0,6167.0,6164.0,6166.0,14200.0
2026-03-19 05:04:00,6166.0,6168.0,6164.0,6167.0,8000.0
2026-03-19 05:05:00,6165.0,6165.0,6164.0,6164.0,2800.0
2026-03-19 05:06:00,6164.0,6166.0,6162.0,6165.0,9600.0
2026-03-19 05:07:00,6165.0,6166.0,6165.0,6166.0,4800.0
2026-03-19 05:08:00,6165.0,6166.0,6164.0,6166.0,1600.0
2026-03-19 05:09:00,6165.0,6169.0,6165.0,6168.0,9700.0
2026-03-19 05:10:00,6168.0,6169.0,6168.0,6169.0,3600.0
2026-03-19 05:11:00,6168.0,6169.0,6166.0,6167.0,8100.0
2026-03-19 05:12:00,6167.0,6168.0,6167.0,6168.0,2800.0
2026-03-19 05:13:00,6169.0,6169.0,6166.0,6167.0,6100.0
2026-03-19 05:14:00,6168.0,6169.0,6156.0,6156.0,19800.0
2026-03-19 05:15:00,6155.0,6156.0,6152.0,6154.0,19600.0
2026-03-19 05:16:00,6153.0,6155.0,6148.0,6148.0,29400.0
2026-03-19 05:17:00,6149.0,6152.0,6149.0,6150.0,3500.0
2026-03-19 05:18:00,6151.0,6151.0,6148.0,6149.0,5200.0
2026-03-19 05:19:00,6148.0,6148.0,6144.0,6146.0,10500.0
2026-03-19 05:20:00,6147.0,6150.0,6147.0,6150.0,13800.0
2026-03-19 05:21:00,6150.0,6153.0,6143.0,6143.0,16800.0
2026-03-19 05:22:00,6142.0,6142.0,6137.0,6138.0,12700.0
2026-03-19 05:23:00,6137.0,6138.0,6133.0,6133.0,8200.0
2026-03-19 05:24:00,6134.0,6136.0,6132.0,6135.0,19700.0
2026-03-19 05:25:00,6134.0,6134.0,6126.0,6126.0,21600.0
2026-03-19 05:26:00,6125.0,6128.0,6125.0,6126.0,11500.0
2026-03-19 05:27:00,6127.0,6128.0,6125.0,6125.0,12900.0
2026-03-19 05:28:00,6124.0,6127.0,6124.0,6125.0,11000.0
2026-03-19 05:29:00,6126.0,6126.0,6122.0,6126.0,10100.0
2026-03-19 05:30:00,6127.0,6128.0,6124.0,6126.0,8000.0
2026-03-19 05:31:00,6125.0,6128.0,6124.0,6127.0,7200.0
2026-03-19 05:32:00,6127.0,6131.0,6127.0,6131.0,11200.0
2026-03-19 05:33:00,6130.0,6130.0,6128.0,6129.0,7700.0
2026-03-19 05:34:00,6129.0,6129.0,6128.0,6128.0,9500.0
2026-03-19 05:35:00,6128.0,6128.0,6126.0,6128.0,12000.0
2026-03-19 05:36:00,6127.0,6132.0,6127.0,6129.0,11700.0
2026-03-19 05:37:00,6129.0,6133.0,6129.0,6133.0,8400.0
2026-03-19 05:38:00,6134.0,6134.0,6132.0,6133.0,7900.0
2026-03-19 05:39:00,6133.0,6135.0,6131.0,6131.0,12500.0
2026-03-19 05:40:00,6131.0,6132.0,6130.0,6132.0,3100.0
2026-03-19 05:41:00,6131.0,6132.0,6126.0,6126.0,25200.0
2026-03-19 05:42:00,6127.0,6128.0,6124.0,6127.0,15000.0
2026-03-19 05:43:00,6128.0,6128.0,6127.0,6127.0,5700.0
2026-03-19 05:44:00,6126.0,6128.0,6126.0,6126.0,5300.0
2026-03-19 05:45:00,6126.0,6130.0,6122.0,6130.0,14900.0
2026-03-19 05:46:00,6130.0,6142.0,6130.0,6141.0,17200.0
2026-03-19 05:47:00,6141.0,6141.0,6136.0,6137.0,8300.0
2026-03-19 05:48:00,6137.0,6139.0,6135.0,6135.0,8100.0
2026-03-19 05:49:00,6136.0,6141.0,6136.0,6139.0,9500.0
2026-03-19 05:50:00,6139.0,6140.0,6137.0,6138.0,9700.0
2026-03-19 05:51:00,6139.0,6140.0,6137.0,6138.0,7300.0
2026-03-19 05:52:00,6138.0,6141.0,6138.0,6138.0,10600.0
2026-03-19 05:53:00,6138.0,6140.0,6138.0,6139.0,7700.0
2026-03-19 05:54:00,6139.0,6146.0,6139.0,6144.0,16600.0
2026-03-19 05:55:00,6144.0,6146.0,6143.0,6144.0,14400.0
2026-03-19 05:56:00,6144.0,6144.0,6136.0,6136.0,19200.0
2026-03-19 05:57:00,6136.0,6137.0,6132.0,6135.0,8500.0
2026-03-19 05:58:00,6135.0,6135.0,6131.0,6133.0,12300.0
2026-03-19 05:59:00,6132.0,6137.0,6131.0,6134.0,11200.0
2026-03-19 06:00:00,6135.0,6139.0,6134.0,6138.0,17700.0
2026-03-19 06:01:00,6138.0,6143.0,6138.0,6143.0,12800.0
2026-03-19 06:02:00,6142.0,6142.0,6137.0,6140.0,11900.0
2026-03-19 06:03:00,6140.0,6140.0,6135.0,6137.0,9700.0
2026-03-19 06:04:00,6137.0,6140.0,6134.0,6134.0,17400.0
2026-03-19 06:05:00,6134.0,6138.0,6133.0,6138.0,7600.0
2026-03-19 06:06:00,6138.0,6140.0,6137.0,6138.0,13500.0
2026-03-19 06:07:00,6138.0,6138.0,6133.0,6134.0,11400.0
2026-03-19 06:08:00,6135.0,6135.0,6132.0,6135.0,14000.0
2026-03-19 06:09:00,6135.0,6135.0,6130.0,6131.0,14300.0
2026-03-19 06:10:00,6131.0,6132.0,6129.0,6129.0,12400.0
2026-03-19 06:11:00,6129.0,6129.0,6126.0,6128.0,13400.0
2026-03-19 06:12:00,6128.0,6131.0,6127.0,6131.0,13100.0
2026-03-19 06:13:00,6131.0,6132.0,6130.0,6131.0,7100.0
2026-03-19 06:14:00,6131.0,6132.0,6129.0,6129.0,24500.0
2026-03-19 06:15:00,6129.0,6133.0,6128.0,6133.0,18100.0
2026-03-19 06:16:00,6132.0,6134.0,6130.0,6134.0,13100.0
2026-03-19 06:17:00,6134.0,6135.0,6132.0,6134.0,14300.0
2026-03-19 06:18:00,6133.0,6137.0,6133.0,6137.0,16000.0
2026-03-19 06:19:00,6136.0,6138.0,6135.0,6135.0,21700.0
2026-03-19 06:20:00,6134.0,6135.0,6131.0,6133.0,21400.0
2026-03-19 06:21:00,6134.0,6139.0,6134.0,6139.0,9700.0
2026-03-19 06:22:00,6139.0,6139.0,6133.0,6139.0,35200.0
2026-03-19 06:23:00,6138.0,6144.0,6135.0,6143.0,34600.0
2026-03-19 06:24:00,6145.0,6149.0,6142.0,6146.0,32300.0
2026-03-19 06:25:00,,,,,
2026-03-19 06:26:00,,,,,
2026-03-19 06:27:00,,,,,
2026-03-19 06:28:00,,,,,
2026-03-19 06:29:00,,,,,
2026-03-19 06:30:00,6140.0,6140.0,6140.0,6140.0,2020400.0
